Угол, град - ДН	Сигнал детектора, о.е. - ДН	
-90	0.000363293	
-90	0.000369268	
-90	0.000366457	
-89	0.000521078	
-89	0.000438652	
-89	0.000336251	
-89	0.000545592	
-89	0.000461013	
-89	0.000460339	
-88	0.000402682	
-88	0.000538666	
-88	0.000445781	
-88	0.000512026	
-88	0.000428449	
-87	0.000428355	
-87	0.000485358	
-87	0.000502733	
-87	0.000537926	
-87	0.000579697	
-87	0.000613123	
-86	0.000475312	
-86	0.000443161	
-86	0.000549914	
-86	0.000501399	
-86	0.000561974	
-86	0.000639534	
-85	0.000362949	
-85	0.000369425	
-85	0.000464639	
-85	0.000606721	
-85	0.000608366	
-84	0.000631027	
-84	0.000633969	
-84	0.000449237	
-84	0.000361273	
-84	0.000381119	
-84	0.000484413	
-83	0.00040792	
-83	0.000513839	
-83	0.000537591	
-83	0.00061592	
-83	0.000680172	
-82	0.000616786	
-82	0.000584834	
-82	0.000853125	
-82	0.000666992	
-82	0.000549911	
-82	0.000597801	
-81	0.000363619	
-81	0.000424268	
-81	0.000457718	
-81	0.000373784	
-81	0.000340124	
-80	0.000308141	
-80	0.000312631	
-80	0.000428368	
-80	0.000359536	
-80	0.000574667	
-80	0.000675079	
-79	0.000836842	
-79	0.00103275	
-79	0.0011535	
-79	0.00128559	
-79	0.00116304	
-78	0.000972376	
-78	0.00109743	
-78	0.00106819	
-78	0.00113913	
-78	0.00113396	
-78	0.000950265	
-77	0.000968713	
-77	0.000978583	
-77	0.000837043	
-77	0.000768401	
-77	0.000891105	
-76	0.00090019	
-76	0.00102109	
-76	0.00101614	
-76	0.000948769	
-76	0.00104552	
-76	0.000700713	
-75	0.000501553	
-75	0.000408946	
-75	0.000342842	
-75	0.000355715	
-75	0.000357519	
-75	0.000433462	
-74	0.00041145	
-74	0.00051587	
-74	0.000670581	
-74	0.00101028	
-74	0.00106308	
-73	0.00145258	
-73	0.00178311	
-73	0.00219389	
-73	0.00255094	
-73	0.00266824	
-73	0.00231435	
-72	0.00219388	
-72	0.00175376	
-72	0.00152538	
-72	0.00127822	
-72	0.00108365	
-71	0.00106302	
-71	0.000899651	
-71	0.000808941	
-71	0.000780881	
-71	0.000773029	
-71	0.000820609	
-70	0.000941272	
-70	0.000657166	
-70	0.000762377	
-70	0.000694076	
-70	0.000681071	
-69	0.000753489	
-69	0.000956273	
-69	0.000780773	
-69	0.000550822	
-69	0.000604116	
-69	0.000640959	
-68	0.000666222	
-68	0.000801139	
-68	0.000795469	
-68	0.000811988	
-68	0.000960849	
-68	0.00129695	
-67	0.00107566	
-67	0.000984455	
-67	0.00086838	
-67	0.000547768	
-67	0.000361372	
-66	0.000460532	
-66	0.000497396	
-66	0.00078151	
-66	0.00103753	
-66	0.00151285	
-66	0.00145101	
-65	0.00074496	
-65	0.000621219	
-65	0.00136628	
-65	0.00146826	
-65	0.000799024	
-64	0.000827327	
-64	0.000966297	
-64	0.000922187	
-64	0.000604276	
-64	0.00110804	
-64	0.00146052	
-63	0.00116189	
-63	0.00115618	
-63	0.00099584	
-63	0.000725298	
-63	0.00144673	
-62	0.00199447	
-62	0.00135676	
-62	0.0014084	
-62	0.00114069	
-62	0.00137395	
-62	0.00125926	
-61	0.00110756	
-61	0.0016577	
-61	0.00101462	
-61	0.0010525	
-61	0.000967067	
-60	0.000838671	
-60	0.000746785	
-60	0.00077807	
-60	0.000822911	
-60	0.000779448	
-60	0.000724037	
-59	0.000617067	
-59	0.000744294	
-59	0.0006442	
-59	0.000591128	
-59	0.000657171	
-58	0.000502057	
-58	0.000562383	
-58	0.000381278	
-58	0.000425125	
-58	0.000393967	
-58	0.000343126	
-57	0.0003373	
-57	0.000559629	
-57	0.000420919	
-57	0.000441455	
-57	0.000409658	
-57	0.000323076	
-56	0.000379706	
-56	0.00053892	
-56	0.000670217	
-56	0.000601657	
-56	0.000312317	
-55	0.000324228	
-55	0.000396443	
-55	0.000429798	
-55	0.000472924	
-55	0.000374357	
-55	0.000489847	
-54	0.00034261	
-54	0.000557137	
-54	0.00146411	
-54	0.00140027	
-54	0.000736714	
-53	0.00103286	
-53	0.000778463	
-53	0.000481342	
-53	0.00104377	
-53	0.00122734	
-53	0.000757535	
-52	0.000950295	
-52	0.00144593	
-52	0.00229056	
-52	0.0022507	
-52	0.00222488	
-51	0.00259329	
-51	0.00269559	
-51	0.0026553	
-51	0.00236551	
-51	0.00175721	
-51	0.00252838	
-50	0.00390291	
-50	0.00456306	
-50	0.00495817	
-50	0.00427806	
-50	0.00273024	
-50	0.0033308	
-49	0.00389179	
-49	0.0030527	
-49	0.0040552	
-49	0.00326172	
-49	0.00441922	
-48	0.00438586	
-48	0.00465353	
-48	0.00497394	
-48	0.00509984	
-48	0.00565462	
-48	0.00575279	
-47	0.0049289	
-47	0.00484069	
-47	0.00571402	
-47	0.00404354	
-47	0.0048468	
-46	0.00530914	
-46	0.00555525	
-46	0.00544371	
-46	0.0050559	
-46	0.00488296	
-46	0.00519012	
-45	0.00544872	
-45	0.00666266	
-45	0.00625387	
-45	0.0066598	
-45	0.00684255	
-44	0.00652327	
-44	0.00644423	
-44	0.00682785	
-44	0.00727147	
-44	0.00738318	
-44	0.00716465	
-43	0.00804525	
-43	0.00768366	
-43	0.00694041	
-43	0.00700565	
-43	0.00686573	
-42	0.00919613	
-42	0.00940994	
-42	0.00980316	
-42	0.00884362	
-42	0.00918939	
-42	0.00944944	
-41	0.00956699	
-41	0.0109855	
-41	0.0125625	
-41	0.0143173	
-41	0.0133431	
-40	0.0149207	
-40	0.01561	
-40	0.0170664	
-40	0.0172881	
-40	0.0176988	
-40	0.0168256	
-39	0.0171841	
-39	0.0152969	
-39	0.0148766	
-39	0.0159857	
-39	0.01803	
-39	0.0223444	
-38	0.0264269	
-38	0.0236694	
-38	0.0238689	
-38	0.03102	
-38	0.0300464	
-37	0.0296367	
-37	0.0254553	
-37	0.0277399	
-37	0.0327022	
-37	0.0295683	
-37	0.0297235	
-36	0.0378805	
-36	0.0435756	
-36	0.0451134	
-36	0.0452732	
-36	0.045292	
-35	0.0448866	
-35	0.0432107	
-35	0.0397856	
-35	0.039453	
-35	0.0412708	
-35	0.0413707	
-34	0.0385991	
-34	0.0340134	
-34	0.0350737	
-34	0.0418657	
-34	0.0403382	
-33	0.0399728	
-33	0.0415202	
-33	0.0419044	
-33	0.037223	
-33	0.0386613	
-33	0.0428578	
-32	0.0450432	
-32	0.0490443	
-32	0.0468805	
-32	0.0422013	
-32	0.0405126	
-32	0.0477575	
-31	0.0443761	
-31	0.0381643	
-31	0.0355824	
-31	0.0359298	
-31	0.0420746	
-30	0.0431214	
-30	0.0416055	
-30	0.0414279	
-30	0.0445665	
-30	0.0406943	
-30	0.0304307	
-29	0.0347257	
-29	0.0391221	
-29	0.0391856	
-29	0.0291796	
-29	0.0391316	
-28	0.0400826	
-28	0.0317214	
-28	0.0259732	
-28	0.0352512	
-28	0.035787	
-28	0.0305276	
-27	0.0398564	
-27	0.0319854	
-27	0.0299877	
-27	0.0285835	
-27	0.0301328	
-26	0.0354199	
-26	0.035987	
-26	0.0298683	
-26	0.0316259	
-26	0.0332286	
-26	0.0317764	
-25	0.0364411	
-25	0.0319734	
-25	0.0346952	
-25	0.0309923	
-25	0.0335264	
-24	0.0385253	
-24	0.0349517	
-24	0.0351196	
-24	0.0371144	
-24	0.0405946	
-24	0.0386343	
-23	0.0428639	
-23	0.0454076	
-23	0.048403	
-23	0.0507757	
-23	0.0524157	
-22	0.0542927	
-22	0.0586633	
-22	0.0602395	
-22	0.0655863	
-22	0.0666623	
-22	0.0685916	
-21	0.070227	
-21	0.0691783	
-21	0.068221	
-21	0.0717556	
-21	0.0797982	
-21	0.0792571	
-20	0.0805166	
-20	0.0838574	
-20	0.0827349	
-20	0.0899693	
-20	0.101414	
-19	0.110245	
-19	0.120227	
-19	0.120618	
-19	0.126756	
-19	0.134453	
-19	0.139174	
-18	0.14672	
-18	0.155873	
-18	0.16332	
-18	0.170943	
-18	0.174138	
-17	0.183827	
-17	0.182264	
-17	0.199886	
-17	0.203886	
-17	0.223112	
-17	0.240626	
-16	0.257433	
-16	0.26222	
-16	0.27911	
-16	0.300135	
-16	0.321499	
-15	0.343324	
-15	0.364887	
-15	0.386145	
-15	0.401742	
-15	0.415798	
-15	0.439507	
-14	0.461196	
-14	0.483621	
-14	0.506013	
-14	0.521168	
-14	0.535745	
-14	0.566809	
-13	0.600439	
-13	0.6225	
-13	0.650991	
-13	0.66935	
-13	0.701138	
-12	0.725541	
-12	0.747993	
-12	0.779289	
-12	0.808044	
-12	0.829811	
-12	0.854555	
-11	0.878444	
-11	0.893372	
-11	0.915538	
-11	0.944684	
-11	0.971682	
-10	1.00829	
-10	1.03721	
-10	1.06213	
-10	1.1028	
-10	1.11065	
-10	1.13104	
-9	1.16389	
-9	1.19136	
-9	1.22608	
-9	1.26227	
-9	1.29378	
-8	1.3308	
-8	1.36787	
-8	1.40103	
-8	1.44603	
-8	1.46538	
-8	1.47783	
-7	1.51899	
-7	1.55037	
-7	1.57133	
-7	1.59479	
-7	1.64243	
-6	1.67662	
-6	1.71566	
-6	1.72764	
-6	1.78046	
-6	1.80247	
-6	1.80843	
-5	1.86082	
-5	1.87871	
-5	1.9127	
-5	1.95769	
-5	1.9658	
-4	1.98622	
-4	2.02179	
-4	2.04279	
-4	2.06005	
-4	2.09644	
-4	2.13952	
-3	2.16646	
-3	2.2023	
-3	2.21941	
-3	2.25014	
-3	2.26822	
-3	2.28636	
-2	2.31318	
-2	2.33603	
-2	2.38028	
-2	2.40111	
-2	2.43182	
-1	2.44509	
-1	2.46587	
-1	2.48912	
-1	2.51205	
-1	2.54523	
-1	2.55773	
-0	2.57564	
-0	2.59115	
0	2.60941	
0	2.63511	
0	2.64403	
1	2.6721	
1	2.67614	
1	2.69399	
1	2.70902	
1	2.7194	
1	2.74193	
2	2.747	
2	2.77081	
2	2.78074	
2	2.79862	
2	2.81158	
3	2.82263	
3	2.84439	
3	2.84882	
3	2.8699	
3	2.87529	
3	2.88277	
4	2.89607	
4	2.90244	
4	2.91896	
4	2.91481	
4	2.9357	
4	2.93797	
5	2.94581	
5	2.95965	
5	2.95899	
5	2.97647	
5	2.97383	
6	2.97827	
6	2.98617	
6	2.99269	
6	3.00831	
6	3.00526	
6	3.02709	
7	3.02148	
7	3.03164	
7	3.03219	
7	3.03113	
7	3.042	
8	3.0362	
8	3.04693	
8	3.04432	
8	3.04602	
8	3.04815	
8	3.04484	
9	3.05398	
9	3.03658	
9	3.04528	
9	3.03019	
9	3.02449	
10	3.01662	
10	3.0043	
10	3.01088	
10	2.99777	
10	3.0015	
10	2.98621	
11	2.97946	
11	2.97609	
11	2.95686	
11	2.96211	
11	2.94123	
12	2.92989	
12	2.9154	
12	2.89741	
12	2.89061	
12	2.87078	
12	2.86999	
13	2.84511	
13	2.83314	
13	2.81119	
13	2.7921	
13	2.78319	
14	2.75572	
14	2.74697	
14	2.72039	
14	2.70324	
14	2.68917	
14	2.66497	
15	2.6528	
15	2.62534	
15	2.61197	
15	2.58269	
15	2.5598	
15	2.53661	
16	2.50789	
16	2.49066	
16	2.45431	
16	2.4336	
16	2.40606	
17	2.37507	
17	2.35257	
17	2.31729	
17	2.29883	
17	2.25761	
17	2.2362	
18	2.20401	
18	2.17629	
18	2.15633	
18	2.1158	
18	2.08792	
19	2.05585	
19	2.0234	
19	1.98777	
19	1.95529	
19	1.93569	
19	1.88998	
20	1.866	
20	1.82839	
20	1.79516	
20	1.76511	
20	1.7279	
21	1.70214	
21	1.66135	
21	1.6332	
21	1.59959	
21	1.56826	
21	1.5366	
22	1.50085	
22	1.47679	
22	1.43934	
22	1.40692	
22	1.37366	
22	1.33961	
23	1.31384	
23	1.27964	
23	1.25071	
23	1.21685	
23	1.18775	
24	1.15523	
24	1.12299	
24	1.09579	
24	1.06011	
24	1.03506	
24	1.00243	
25	0.970971	
25	0.942627	
25	0.911518	
25	0.884395	
25	0.853594	
26	0.825738	
26	0.79657	
26	0.768073	
26	0.741351	
26	0.712	
26	0.68815	
27	0.66246	
27	0.638679	
27	0.614567	
27	0.587907	
27	0.56731	
28	0.54377	
28	0.525741	
28	0.504555	
28	0.484095	
28	0.463767	
28	0.444008	
29	0.42468	
29	0.405549	
29	0.391617	
29	0.376118	
29	0.359657	
30	0.344392	
30	0.328705	
30	0.31452	
30	0.299472	
30	0.285727	
30	0.271768	
31	0.259279	
31	0.247443	
31	0.235474	
31	0.22514	
31	0.212877	
32	0.20222	
32	0.192217	
32	0.181631	
32	0.173112	
32	0.163782	
32	0.155504	
33	0.146618	
33	0.138098	
33	0.130984	
33	0.123852	
33	0.116478	
33	0.11022	
34	0.105016	
34	0.0988851	
34	0.0953457	
34	0.0906715	
34	0.0855666	
35	0.0804763	
35	0.07574	
35	0.0723487	
35	0.0683145	
35	0.0643263	
35	0.0604844	
36	0.0570528	
36	0.054015	
36	0.0506222	
36	0.0488665	
36	0.0469762	
37	0.0447331	
37	0.0427383	
37	0.0407221	
37	0.0394725	
37	0.0386076	
37	0.0372928	
38	0.0360615	
38	0.0344421	
38	0.0334556	
38	0.0328317	
38	0.0322055	
39	0.0320604	
39	0.0315704	
39	0.0315683	
39	0.0306153	
39	0.0301992	
39	0.0300082	
40	0.0300261	
40	0.0297252	
40	0.0293286	
40	0.0299111	
40	0.0304108	
40	0.0304308	
41	0.029905	
41	0.0297921	
41	0.0295614	
41	0.0293829	
41	0.0302606	
42	0.0313206	
42	0.0317759	
42	0.0325974	
42	0.0330097	
42	0.0329316	
42	0.0329621	
43	0.0331888	
43	0.0333936	
43	0.0334185	
43	0.0339725	
43	0.0347512	
44	0.0353188	
44	0.0352257	
44	0.0362543	
44	0.0368427	
44	0.0369969	
44	0.0368642	
45	0.0355324	
45	0.0364342	
45	0.0370621	
45	0.0362386	
45	0.0353002	
46	0.0357242	
46	0.0357798	
46	0.0345431	
46	0.0342446	
46	0.0341206	
46	0.0348792	
47	0.0345305	
47	0.0346893	
47	0.0353568	
47	0.0352458	
47	0.0354779	
48	0.0358074	
48	0.0357417	
48	0.0364529	
48	0.0362332	
48	0.0362776	
48	0.0354888	
49	0.0347734	
49	0.0341227	
49	0.0332206	
49	0.0322397	
49	0.0316456	
50	0.0307365	
50	0.0298277	
50	0.028905	
50	0.0283268	
50	0.0276187	
50	0.0271178	
51	0.0257707	
51	0.0257057	
51	0.0251459	
51	0.0245434	
51	0.0239031	
51	0.0232179	
52	0.0225873	
52	0.0218243	
52	0.0210207	
52	0.0204513	
52	0.0193406	
53	0.0192582	
53	0.0184641	
53	0.0180269	
53	0.0171747	
53	0.0165187	
53	0.0161693	
54	0.0154589	
54	0.0150418	
54	0.0146309	
54	0.0144022	
54	0.0134906	
55	0.0127324	
55	0.0124662	
55	0.0123315	
55	0.0118119	
55	0.0115652	
55	0.0111197	
56	0.011052	
56	0.0108339	
56	0.0104851	
56	0.0103068	
56	0.0103626	
57	0.0098157	
57	0.0094361	
57	0.00925908	
57	0.00886409	
57	0.00865526	
57	0.00848948	
58	0.00824732	
58	0.00789507	
58	0.00741521	
58	0.00722855	
58	0.00697476	
58	0.00670033	
59	0.00648712	
59	0.0061268	
59	0.00599915	
59	0.00579105	
59	0.00541944	
60	0.00537321	
60	0.00498432	
60	0.00471653	
60	0.00474605	
60	0.00446309	
60	0.00424275	
61	0.00406699	
61	0.00376211	
61	0.00350674	
61	0.00341769	
61	0.00331075	
62	0.00315607	
62	0.00276784	
62	0.00266707	
62	0.00265578	
62	0.00233205	
62	0.00233642	
63	0.00209381	
63	0.00204159	
63	0.00200109	
63	0.00190164	
63	0.00176012	
64	0.00173363	
64	0.00171388	
64	0.00156508	
64	0.00156666	
64	0.00135289	
64	0.00118157	
65	0.00138768	
65	0.00125919	
65	0.0015202	
65	0.00121211	
65	0.00132547	
66	0.00140349	
66	0.00122721	
66	0.00124596	
66	0.00137953	
66	0.00142919	
66	0.00138471	
67	0.00129663	
67	0.00131452	
67	0.00125521	
67	0.00130357	
67	0.00108982	
68	0.00124196	
68	0.00108693	
68	0.00119903	
68	0.00109433	
68	0.000950851	
68	0.000898869	
69	0.00105064	
69	0.000789358	
69	0.000971135	
69	0.000823064	
69	0.000630336	
69	0.000842937	
70	0.000617927	
70	0.000581495	
70	0.000607659	
70	0.000468749	
70	0.000565371	
71	0.000522152	
71	0.000482599	
71	0.000480897	
71	0.000338909	
71	0.000329703	
71	0.000416366	
72	0.000411125	
72	0.000311032	
72	0.000403951	
72	0.000398174	
72	0.000370488	
73	0.000343878	
73	0.000306008	
73	0.000419922	
73	0.000436765	
73	0.000290413	
73	0.000483243	
74	0.000440155	
74	0.000444343	
74	0.000597088	
74	0.000547279	
74	0.000740101	
75	0.000800975	
75	0.000698646	
75	0.000979341	
75	0.000890745	
75	0.00105649	
75	0.00101696	
76	0.00100294	
76	0.0011597	
76	0.00137867	
76	0.00128111	
76	0.00152983	
76	0.00150478	
77	0.00167541	
77	0.0015805	
77	0.00169951	
77	0.00160942	
77	0.00172054	
78	0.00161557	
78	0.00140422	
78	0.00132554	
78	0.00114381	
78	0.00133827	
78	0.00108423	
79	0.00100614	
79	0.00104819	
79	0.00083083	
79	0.000900238	
79	0.000607903	
80	0.000538257	
80	0.000546043	
80	0.000469416	
80	0.000313498	
80	0.000500388	
80	0.000410747	
81	0.000440262	
81	0.000497979	
81	0.000521896	
81	0.000473373	
81	0.000453481	
82	0.000444939	
82	0.000672752	
82	0.000522473	
82	0.000761796	
82	0.000914511	
82	0.000905365	
83	0.00104647	
83	0.00119844	
83	0.00126616	
83	0.00141161	
83	0.00163258	
84	0.00157742	
84	0.00172459	
84	0.00176983	
84	0.00172682	
84	0.00186978	
84	0.0017979	
85	0.0018552	
85	0.00193854	
85	0.00180805	
85	0.00182928	
85	0.00173931	
86	0.00152539	
86	0.00163909	
86	0.00141424	
86	0.00138871	
86	0.00141652	
86	0.00128323	
87	0.00122813	
87	0.00106576	
87	0.00102809	
87	0.000951894	
87	0.000961072	
87	0.000853833	
88	0.000718845	
88	0.000655725	
88	0.000566162	
88	0.000543987	
88	0.00041926	
89	0.000363556	
89	0.000433042	
89	0.000400228	
89	0.000368846	
89	0.000458382	
89	0.000363543	
90	0.00037381	
90	0.000306391	
