Óãîë, ãðàä - ÄÍ	Ñèãíàë äåòåêòîðà, î.å. - ÄÍ	
-90	0.0126825	
-90	0.000869954	
-90	0.000829814	
-89	0.00142931	
-89	0.00173226	
-89	0.000736754	
-89	0.00205077	
-89	0.00164019	
-89	0.00181049	
-88	0.00192997	
-88	0.00183234	
-88	0.00143768	
-88	0.00269323	
-88	0.00195536	
-87	0.00140513	
-87	0.00157299	
-87	0.00101662	
-87	0.00127297	
-87	0.000949532	
-87	0.00148575	
-86	0.00221507	
-86	0.00255644	
-86	0.00317599	
-86	0.00273041	
-86	0.0018983	
-86	0.00269179	
-85	0.0020874	
-85	0.00207319	
-85	0.00146241	
-85	0.00216814	
-85	0.00175087	
-84	0.00231174	
-84	0.00191825	
-84	0.00348341	
-84	0.00137155	
-84	0.00183415	
-84	0.00189069	
-83	0.00236428	
-83	0.00192216	
-83	0.00178	
-83	0.00183423	
-83	0.00127758	
-82	0.001779	
-82	0.00141749	
-82	0.00166765	
-82	0.00135273	
-82	0.00206103	
-82	0.00332773	
-81	0.00314131	
-81	0.00317701	
-81	0.00308825	
-81	0.00222163	
-81	0.00365271	
-80	0.00487574	
-80	0.00400568	
-80	0.00324878	
-80	0.00280859	
-80	0.00234231	
-80	0.00307742	
-79	0.00361807	
-79	0.00390507	
-79	0.00485099	
-79	0.00341259	
-79	0.00548552	
-78	0.00514802	
-78	0.00316893	
-78	0.00379656	
-78	0.00359474	
-78	0.00475435	
-78	0.00314847	
-77	0.00374777	
-77	0.00372929	
-77	0.00286	
-77	0.00340091	
-77	0.00478769	
-76	0.0044027	
-76	0.00487974	
-76	0.00533199	
-76	0.00613924	
-76	0.0062076	
-76	0.00649653	
-75	0.00706886	
-75	0.00636344	
-75	0.00791171	
-75	0.00787462	
-75	0.00958954	
-75	0.00780693	
-74	0.00741669	
-74	0.00798717	
-74	0.00769597	
-74	0.0074448	
-74	0.00783437	
-73	0.0072996	
-73	0.00667968	
-73	0.00706654	
-73	0.005197	
-73	0.00816152	
-73	0.010544	
-72	0.00937238	
-72	0.00676161	
-72	0.00800536	
-72	0.00848197	
-72	0.00748956	
-71	0.00859675	
-71	0.00914032	
-71	0.00895951	
-71	0.0090447	
-71	0.00971769	
-71	0.010018	
-70	0.00944647	
-70	0.010435	
-70	0.0100756	
-70	0.0100614	
-70	0.0105965	
-69	0.0109718	
-69	0.0101119	
-69	0.0108718	
-69	0.0115742	
-69	0.0116855	
-69	0.0109142	
-68	0.012024	
-68	0.0117424	
-68	0.0125787	
-68	0.0146194	
-68	0.0143535	
-68	0.0138462	
-67	0.0138931	
-67	0.0148756	
-67	0.015029	
-67	0.0157221	
-67	0.0156526	
-66	0.0148722	
-66	0.0160611	
-66	0.0163703	
-66	0.0173669	
-66	0.0172744	
-66	0.0178657	
-65	0.0172658	
-65	0.018174	
-65	0.0198663	
-65	0.0189093	
-65	0.0189278	
-64	0.0181769	
-64	0.0193962	
-64	0.019572	
-64	0.0187364	
-64	0.0189369	
-64	0.0200367	
-63	0.0210396	
-63	0.0207293	
-63	0.0214667	
-63	0.0219973	
-63	0.0223131	
-62	0.022353	
-62	0.022954	
-62	0.0227102	
-62	0.0242947	
-62	0.0246381	
-62	0.0249279	
-61	0.0264602	
-61	0.0251253	
-61	0.0254601	
-61	0.0251209	
-61	0.0257512	
-60	0.0260854	
-60	0.0269002	
-60	0.025861	
-60	0.026634	
-60	0.0262778	
-60	0.0247385	
-59	0.025925	
-59	0.0263455	
-59	0.0264333	
-59	0.0268921	
-59	0.0263393	
-58	0.026795	
-58	0.0265568	
-58	0.0274519	
-58	0.0267315	
-58	0.0277569	
-58	0.0285575	
-57	0.0286747	
-57	0.028857	
-57	0.0285772	
-57	0.0295118	
-57	0.0284834	
-57	0.0293399	
-56	0.0297842	
-56	0.0291635	
-56	0.0280191	
-56	0.0296493	
-56	0.0288754	
-55	0.0287231	
-55	0.0286887	
-55	0.0285748	
-55	0.0289464	
-55	0.0302571	
-55	0.0296198	
-54	0.0293623	
-54	0.0321732	
-54	0.0302534	
-54	0.0294328	
-54	0.0294973	
-53	0.030197	
-53	0.0307447	
-53	0.0306874	
-53	0.0303828	
-53	0.0300113	
-53	0.0303971	
-52	0.029757	
-52	0.0305938	
-52	0.0292143	
-52	0.0288702	
-52	0.0289806	
-51	0.0284281	
-51	0.0283949	
-51	0.029106	
-51	0.0274519	
-51	0.0268724	
-51	0.0264217	
-50	0.0253288	
-50	0.0247094	
-50	0.0250151	
-50	0.0251105	
-50	0.0249037	
-50	0.0243203	
-49	0.0228271	
-49	0.0226902	
-49	0.0224207	
-49	0.0219741	
-49	0.0210935	
-48	0.0208829	
-48	0.0195431	
-48	0.0192056	
-48	0.0192362	
-48	0.0193367	
-48	0.0188407	
-47	0.0188148	
-47	0.0169046	
-47	0.0164343	
-47	0.016998	
-47	0.0166962	
-46	0.016881	
-46	0.0167233	
-46	0.0165672	
-46	0.0155237	
-46	0.0152205	
-46	0.0160224	
-45	0.0148394	
-45	0.0154874	
-45	0.0146802	
-45	0.0143104	
-45	0.0142398	
-44	0.013663	
-44	0.0134388	
-44	0.0130218	
-44	0.0131757	
-44	0.0129236	
-44	0.0126507	
-43	0.013008	
-43	0.0129681	
-43	0.0131315	
-43	0.0131286	
-43	0.0129113	
-42	0.0132551	
-42	0.0134406	
-42	0.0135711	
-42	0.0137197	
-42	0.0138546	
-42	0.0145254	
-41	0.0147738	
-41	0.014883	
-41	0.015505	
-41	0.0157047	
-41	0.0169418	
-40	0.0170391	
-40	0.0174254	
-40	0.0182665	
-40	0.0199805	
-40	0.0204897	
-40	0.0211892	
-39	0.0228927	
-39	0.0234723	
-39	0.0241013	
-39	0.0256217	
-39	0.0262935	
-39	0.0274711	
-38	0.0283065	
-38	0.0292241	
-38	0.0303866	
-38	0.030929	
-38	0.0325453	
-37	0.0341743	
-37	0.0358981	
-37	0.037397	
-37	0.0378695	
-37	0.0392302	
-37	0.0405524	
-36	0.0438772	
-36	0.0448939	
-36	0.0473208	
-36	0.0497052	
-36	0.0473958	
-35	0.0531281	
-35	0.0527539	
-35	0.053929	
-35	0.0563806	
-35	0.0580272	
-35	0.05867	
-34	0.061414	
-34	0.0655207	
-34	0.0640271	
-34	0.0662162	
-34	0.0702082	
-33	0.0729645	
-33	0.0746214	
-33	0.0790941	
-33	0.0819773	
-33	0.0824611	
-33	0.0841744	
-32	0.0864506	
-32	0.0911247	
-32	0.0932356	
-32	0.0944358	
-32	0.0966508	
-32	0.100495	
-31	0.101301	
-31	0.10469	
-31	0.103229	
-31	0.10802	
-31	0.109462	
-30	0.108148	
-30	0.113385	
-30	0.117931	
-30	0.1172	
-30	0.114203	
-30	0.115903	
-29	0.118792	
-29	0.12235	
-29	0.125623	
-29	0.13105	
-29	0.131754	
-28	0.133465	
-28	0.134574	
-28	0.13541	
-28	0.139277	
-28	0.139608	
-28	0.14147	
-27	0.143632	
-27	0.141954	
-27	0.142974	
-27	0.143969	
-27	0.145076	
-26	0.145196	
-26	0.151357	
-26	0.145708	
-26	0.148532	
-26	0.151487	
-26	0.151632	
-25	0.151033	
-25	0.151569	
-25	0.153949	
-25	0.154932	
-25	0.152177	
-24	0.151657	
-24	0.151731	
-24	0.149516	
-24	0.151045	
-24	0.14605	
-24	0.146292	
-23	0.14512	
-23	0.146189	
-23	0.144111	
-23	0.141527	
-23	0.145036	
-22	0.144164	
-22	0.140037	
-22	0.141608	
-22	0.140273	
-22	0.138377	
-22	0.138675	
-21	0.134753	
-21	0.133775	
-21	0.135609	
-21	0.131852	
-21	0.127692	
-21	0.130142	
-20	0.128947	
-20	0.125973	
-20	0.125279	
-20	0.124154	
-20	0.125471	
-19	0.125418	
-19	0.123427	
-19	0.12804	
-19	0.128628	
-19	0.130414	
-19	0.131296	
-18	0.132791	
-18	0.133775	
-18	0.133466	
-18	0.135612	
-18	0.136116	
-17	0.141137	
-17	0.144694	
-17	0.149741	
-17	0.154465	
-17	0.161666	
-17	0.162953	
-16	0.168978	
-16	0.174805	
-16	0.180322	
-16	0.186444	
-16	0.195538	
-15	0.203698	
-15	0.209564	
-15	0.219487	
-15	0.229206	
-15	0.237319	
-15	0.244789	
-14	0.252551	
-14	0.259566	
-14	0.271127	
-14	0.280883	
-14	0.292064	
-14	0.301088	
-13	0.311874	
-13	0.324671	
-13	0.337354	
-13	0.348712	
-13	0.363302	
-12	0.380038	
-12	0.39085	
-12	0.401186	
-12	0.413965	
-12	0.434471	
-12	0.446967	
-11	0.465427	
-11	0.478133	
-11	0.495683	
-11	0.510955	
-11	0.528916	
-10	0.542138	
-10	0.559643	
-10	0.578888	
-10	0.600099	
-10	0.620083	
-10	0.633434	
-9	0.653035	
-9	0.669012	
-9	0.690918	
-9	0.707482	
-9	0.723422	
-8	0.744578	
-8	0.759366	
-8	0.774998	
-8	0.795272	
-8	0.81403	
-8	0.825717	
-7	0.852411	
-7	0.865444	
-7	0.882387	
-7	0.907213	
-7	0.918822	
-6	0.938682	
-6	0.953755	
-6	0.965716	
-6	0.981624	
-6	1.00514	
-6	1.01916	
-5	1.03339	
-5	1.0518	
-5	1.06256	
-5	1.08001	
-5	1.09645	
-4	1.10867	
-4	1.12424	
-4	1.13894	
-4	1.14951	
-4	1.16238	
-4	1.17666	
-3	1.18328	
-3	1.19715	
-3	1.20563	
-3	1.21188	
-3	1.22568	
-3	1.24157	
-2	1.23994	
-2	1.26347	
-2	1.27131	
-2	1.27949	
-2	1.28802	
-1	1.29821	
-1	1.29635	
-1	1.30876	
-1	1.31834	
-1	1.32399	
-1	1.33193	
-0	1.33306	
-0	1.33539	
0	1.34639	
0	1.34898	
0	1.35042	
1	1.35628	
1	1.35784	
1	1.36357	
1	1.36811	
1	1.36845	
1	1.3702	
2	1.37094	
2	1.36963	
2	1.37154	
2	1.37338	
2	1.36894	
3	1.37266	
3	1.36608	
3	1.35897	
3	1.35666	
3	1.35338	
3	1.34563	
4	1.345	
4	1.3411	
4	1.33568	
4	1.33367	
4	1.322	
4	1.31136	
5	1.30576	
5	1.30281	
5	1.28675	
5	1.28601	
5	1.27537	
6	1.26334	
6	1.25869	
6	1.2422	
6	1.22348	
6	1.21553	
6	1.20208	
7	1.18716	
7	1.17558	
7	1.15718	
7	1.14379	
7	1.13431	
8	1.11705	
8	1.10269	
8	1.08959	
8	1.0706	
8	1.05573	
8	1.04072	
9	1.02188	
9	1.01123	
9	0.99234	
9	0.973603	
9	0.956759	
10	0.939726	
10	0.91992	
10	0.90505	
10	0.886089	
10	0.86284	
10	0.845454	
11	0.825504	
11	0.804765	
11	0.788563	
11	0.767743	
11	0.744729	
12	0.72839	
12	0.706997	
12	0.686796	
12	0.670057	
12	0.650214	
12	0.628652	
13	0.610355	
13	0.588728	
13	0.570098	
13	0.554756	
13	0.536562	
14	0.51985	
14	0.501895	
14	0.482847	
14	0.465012	
14	0.451101	
14	0.433237	
15	0.417853	
15	0.404453	
15	0.388158	
15	0.376635	
15	0.362461	
15	0.348837	
16	0.336435	
16	0.323635	
16	0.312899	
16	0.30083	
16	0.291609	
17	0.278866	
17	0.268793	
17	0.257011	
17	0.246219	
17	0.238339	
17	0.230521	
18	0.219622	
18	0.212277	
18	0.20564	
18	0.197545	
18	0.192544	
19	0.185683	
19	0.177944	
19	0.173438	
19	0.168155	
19	0.162754	
19	0.159431	
20	0.153541	
20	0.149228	
20	0.146369	
20	0.14272	
20	0.139112	
21	0.137438	
21	0.134646	
21	0.132565	
21	0.131053	
21	0.129406	
21	0.128731	
22	0.127911	
22	0.126995	
22	0.127089	
22	0.125771	
22	0.12601	
22	0.125647	
23	0.127803	
23	0.126918	
23	0.128318	
23	0.129939	
23	0.130819	
24	0.132094	
24	0.132208	
24	0.133048	
24	0.134895	
24	0.135821	
24	0.137043	
25	0.138843	
25	0.13905	
25	0.14017	
25	0.1415	
25	0.143156	
26	0.143295	
26	0.146061	
26	0.146187	
26	0.147402	
26	0.149014	
26	0.14946	
27	0.150844	
27	0.151928	
27	0.15177	
27	0.153722	
27	0.154907	
28	0.155463	
28	0.155904	
28	0.156346	
28	0.156777	
28	0.157448	
28	0.157202	
29	0.15688	
29	0.15729	
29	0.156567	
29	0.156647	
29	0.157281	
30	0.157052	
30	0.156056	
30	0.156575	
30	0.155206	
30	0.154199	
30	0.153231	
31	0.151662	
31	0.149369	
31	0.148658	
31	0.147073	
31	0.144369	
32	0.143167	
32	0.140554	
32	0.13792	
32	0.135957	
32	0.133248	
32	0.130765	
33	0.12824	
33	0.125342	
33	0.12216	
33	0.119574	
33	0.116211	
33	0.11318	
34	0.110614	
34	0.107692	
34	0.105459	
34	0.102844	
34	0.100528	
35	0.0977785	
35	0.0950955	
35	0.0926676	
35	0.0899796	
35	0.0873789	
35	0.0851374	
36	0.0827166	
36	0.0804946	
36	0.0784696	
36	0.0768444	
36	0.0746832	
37	0.0721888	
37	0.0702191	
37	0.0680622	
37	0.0657498	
37	0.0642074	
37	0.0621535	
38	0.0600483	
38	0.0586274	
38	0.0570414	
38	0.0543856	
38	0.053241	
39	0.0514544	
39	0.0500065	
39	0.0485598	
39	0.0468075	
39	0.0454671	
39	0.044156	
40	0.0424567	
40	0.0413671	
40	0.0400082	
40	0.0384666	
40	0.0373998	
40	0.036081	
41	0.0346669	
41	0.0332764	
41	0.0321513	
41	0.0308864	
41	0.0301825	
42	0.0290614	
42	0.0284356	
42	0.0274655	
42	0.026497	
42	0.0254033	
42	0.0245314	
43	0.0237497	
43	0.02305	
43	0.0223923	
43	0.0217737	
43	0.0209425	
44	0.0204809	
44	0.0202694	
44	0.019746	
44	0.0194188	
44	0.0188778	
44	0.0184871	
45	0.0184862	
45	0.0179736	
45	0.0178744	
45	0.0178212	
45	0.0172221	
46	0.0172758	
46	0.0172046	
46	0.0169784	
46	0.0170273	
46	0.0171507	
46	0.0168958	
47	0.0170625	
47	0.0167327	
47	0.0170048	
47	0.0167874	
47	0.0168036	
48	0.0167603	
48	0.0167185	
48	0.0167037	
48	0.0169626	
48	0.0170558	
48	0.0170132	
49	0.0173311	
49	0.0172488	
49	0.0176364	
49	0.0176963	
49	0.0178893	
50	0.0181323	
50	0.0181619	
50	0.0184362	
50	0.0185316	
50	0.0186209	
50	0.0190955	
51	0.0191904	
51	0.0194321	
51	0.0199409	
51	0.0198561	
51	0.0203578	
51	0.0206308	
52	0.0209653	
52	0.0213674	
52	0.0221077	
52	0.0225449	
52	0.023228	
53	0.023621	
53	0.0244404	
53	0.024964	
53	0.0251097	
53	0.0255649	
53	0.0262424	
54	0.0267552	
54	0.0274676	
54	0.027907	
54	0.0287223	
54	0.0294329	
55	0.0296585	
55	0.0302165	
55	0.0309353	
55	0.0317053	
55	0.0321095	
55	0.0325683	
56	0.0334518	
56	0.0342437	
56	0.0341472	
56	0.0347945	
56	0.0353203	
57	0.0352576	
57	0.0354739	
57	0.0358069	
57	0.035648	
57	0.0355607	
57	0.0356709	
58	0.035666	
58	0.035763	
58	0.0354772	
58	0.0349819	
58	0.0348858	
58	0.0340539	
59	0.0337041	
59	0.0333512	
59	0.0329052	
59	0.0326532	
59	0.0321688	
60	0.0320581	
60	0.0319557	
60	0.0314972	
60	0.0314539	
60	0.0309752	
60	0.0305084	
61	0.0303493	
61	0.0297304	
61	0.0292665	
61	0.0285131	
61	0.0280542	
62	0.0276481	
62	0.027059	
62	0.0263713	
62	0.0259208	
62	0.0254364	
62	0.0251549	
63	0.0246415	
63	0.0240633	
63	0.0242506	
63	0.0240744	
63	0.0239107	
64	0.0240276	
64	0.0240418	
64	0.0238381	
64	0.0235282	
64	0.0234233	
64	0.0235649	
65	0.0235896	
65	0.0233494	
65	0.0234881	
65	0.0233404	
65	0.0231699	
66	0.0233141	
66	0.0231248	
66	0.023122	
66	0.0231063	
66	0.0229503	
66	0.0232139	
67	0.0231341	
67	0.0227393	
67	0.0227425	
67	0.0223274	
67	0.0220216	
68	0.0214606	
68	0.0213713	
68	0.0211847	
68	0.0205969	
68	0.0201987	
68	0.0195229	
69	0.018813	
69	0.0181887	
69	0.0177542	
69	0.0171751	
69	0.0167911	
69	0.0161662	
70	0.0155971	
70	0.0155768	
70	0.0149907	
70	0.0145133	
70	0.0141381	
71	0.0135771	
71	0.0131413	
71	0.0128775	
71	0.0123293	
71	0.0123369	
71	0.0117613	
72	0.0113128	
72	0.010919	
72	0.0106304	
72	0.010594	
72	0.0103134	
73	0.00998212	
73	0.00966021	
73	0.00968454	
73	0.009243	
73	0.0094576	
73	0.00906608	
74	0.0090748	
74	0.00898518	
74	0.00905378	
74	0.0091482	
74	0.00880045	
75	0.00928195	
75	0.00893862	
75	0.0087349	
75	0.00897228	
75	0.00899104	
75	0.00875763	
76	0.00874911	
76	0.00873621	
76	0.0083707	
76	0.00807842	
76	0.00798227	
76	0.00753484	
77	0.00769908	
77	0.00716192	
77	0.00688242	
77	0.00658136	
77	0.00603856	
78	0.00604153	
78	0.00581422	
78	0.00550767	
78	0.00517322	
78	0.00489429	
78	0.00461038	
79	0.00451777	
79	0.00412856	
79	0.0042957	
79	0.00387377	
79	0.00378542	
80	0.0037658	
80	0.00371624	
80	0.00360226	
80	0.00332086	
80	0.00335607	
80	0.00336315	
81	0.00337487	
81	0.00312285	
81	0.00340504	
81	0.00308944	
81	0.00316222	
82	0.00327277	
82	0.00324144	
82	0.00328789	
82	0.0030268	
82	0.00314018	
82	0.00306966	
83	0.00303527	
83	0.00295647	
83	0.00313579	
83	0.00293717	
83	0.00294261	
84	0.00299532	
84	0.0028353	
84	0.00295766	
84	0.00298848	
84	0.00270484	
84	0.00277484	
85	0.00260828	
85	0.00248432	
85	0.00255739	
85	0.00238443	
85	0.002399	
86	0.00229736	
86	0.002193	
86	0.00210851	
86	0.00193372	
86	0.00176514	
86	0.00185246	
87	0.0016624	
87	0.00175083	
87	0.00157524	
87	0.00157341	
87	0.00148334	
87	0.00135463	
88	0.00125386	
88	0.00139013	
88	0.00131938	
88	0.00139859	
88	0.00136041	
89	0.00118546	
89	0.00154402	
89	0.00140451	
89	0.00155152	
89	0.00169538	
89	0.00159844	
90	0.0018736	
90	0.00202536	
