Óãîë, ãðàä - ÄÍ	Ñèãíàë äåòåêòîðà, î.å. - ÄÍ	
-90	0.019224	
-90	0.0184411	
-90	0.0215319	
-89	0.0195414	
-89	0.0185975	
-89	0.0206241	
-89	0.0229696	
-89	0.0241941	
-89	0.0224505	
-88	0.0227317	
-88	0.0229107	
-88	0.0203728	
-88	0.0203019	
-88	0.0281946	
-87	0.0268379	
-87	0.0220497	
-87	0.0202979	
-87	0.0226573	
-87	0.0239965	
-87	0.0251832	
-86	0.0269129	
-86	0.0275586	
-86	0.0270048	
-86	0.0295325	
-86	0.027509	
-86	0.0290056	
-85	0.0296772	
-85	0.0279194	
-85	0.028481	
-85	0.0283795	
-85	0.0285805	
-84	0.0288495	
-84	0.0285574	
-84	0.0307167	
-84	0.0280077	
-84	0.0288576	
-84	0.0315609	
-83	0.0289253	
-83	0.0331872	
-83	0.0317003	
-83	0.0289838	
-83	0.0315179	
-82	0.0311112	
-82	0.0341034	
-82	0.0359948	
-82	0.0342722	
-82	0.0366138	
-82	0.0357954	
-81	0.038997	
-81	0.0380329	
-81	0.0366149	
-81	0.0375282	
-81	0.0399025	
-80	0.0390564	
-80	0.0400771	
-80	0.0403621	
-80	0.0420522	
-80	0.0421227	
-80	0.0428989	
-79	0.0457423	
-79	0.0447826	
-79	0.0466347	
-79	0.0465949	
-79	0.0476495	
-78	0.0479008	
-78	0.0459762	
-78	0.0508891	
-78	0.0478146	
-78	0.0482806	
-78	0.0518933	
-77	0.0487345	
-77	0.047742	
-77	0.0517964	
-77	0.0468283	
-77	0.0446404	
-76	0.044938	
-76	0.0485401	
-76	0.0567424	
-76	0.0523094	
-76	0.0607641	
-76	0.0601995	
-75	0.0549179	
-75	0.0547501	
-75	0.0608798	
-75	0.055589	
-75	0.0612565	
-75	0.059454	
-74	0.06128	
-74	0.0604779	
-74	0.0627049	
-74	0.0626194	
-74	0.0649821	
-73	0.0634647	
-73	0.0671698	
-73	0.0694095	
-73	0.0681143	
-73	0.0655673	
-73	0.0672276	
-72	0.0710458	
-72	0.0733411	
-72	0.0739685	
-72	0.07317	
-72	0.0745814	
-71	0.0740939	
-71	0.0742523	
-71	0.0760333	
-71	0.0779869	
-71	0.081495	
-71	0.0833125	
-70	0.087525	
-70	0.0867823	
-70	0.0838262	
-70	0.0866992	
-70	0.086922	
-69	0.0826817	
-69	0.0858509	
-69	0.0903498	
-69	0.0918453	
-69	0.0942716	
-69	0.0920126	
-68	0.0950959	
-68	0.0994632	
-68	0.0933037	
-68	0.0923901	
-68	0.0921894	
-68	0.0876726	
-67	0.0922593	
-67	0.0896994	
-67	0.0935679	
-67	0.0944192	
-67	0.0969314	
-66	0.100764	
-66	0.100851	
-66	0.10593	
-66	0.104518	
-66	0.102442	
-66	0.103258	
-65	0.099519	
-65	0.105562	
-65	0.110365	
-65	0.112862	
-65	0.116217	
-64	0.107612	
-64	0.114021	
-64	0.117343	
-64	0.117922	
-64	0.122088	
-64	0.123156	
-63	0.123259	
-63	0.123929	
-63	0.121092	
-63	0.124057	
-63	0.120938	
-62	0.129021	
-62	0.128191	
-62	0.129217	
-62	0.133708	
-62	0.129699	
-62	0.135006	
-61	0.135176	
-61	0.136064	
-61	0.134351	
-61	0.141011	
-61	0.132591	
-60	0.137778	
-60	0.146592	
-60	0.139698	
-60	0.138978	
-60	0.144217	
-60	0.151315	
-59	0.157071	
-59	0.148474	
-59	0.149824	
-59	0.150597	
-59	0.152746	
-58	0.154869	
-58	0.154643	
-58	0.158342	
-58	0.166324	
-58	0.170467	
-58	0.173108	
-57	0.175264	
-57	0.167494	
-57	0.164629	
-57	0.171023	
-57	0.165737	
-57	0.173903	
-56	0.170019	
-56	0.177178	
-56	0.17567	
-56	0.179202	
-56	0.178408	
-55	0.178804	
-55	0.180911	
-55	0.180643	
-55	0.186119	
-55	0.189957	
-55	0.188183	
-54	0.187626	
-54	0.200963	
-54	0.193839	
-54	0.206546	
-54	0.206031	
-53	0.208394	
-53	0.209989	
-53	0.205491	
-53	0.212095	
-53	0.213231	
-53	0.215381	
-52	0.222415	
-52	0.22459	
-52	0.224551	
-52	0.221045	
-52	0.220602	
-51	0.226479	
-51	0.223715	
-51	0.22756	
-51	0.215212	
-51	0.22584	
-51	0.241743	
-50	0.236134	
-50	0.242632	
-50	0.233693	
-50	0.246628	
-50	0.249515	
-50	0.247309	
-49	0.247196	
-49	0.241577	
-49	0.247325	
-49	0.261472	
-49	0.268758	
-48	0.273859	
-48	0.262033	
-48	0.256724	
-48	0.264623	
-48	0.267208	
-48	0.265465	
-47	0.267275	
-47	0.274538	
-47	0.272343	
-47	0.281814	
-47	0.285254	
-46	0.282469	
-46	0.289856	
-46	0.277049	
-46	0.278616	
-46	0.282051	
-46	0.286385	
-45	0.294409	
-45	0.305632	
-45	0.307176	
-45	0.300031	
-45	0.294467	
-44	0.298503	
-44	0.311846	
-44	0.309469	
-44	0.311475	
-44	0.312084	
-44	0.319843	
-43	0.328591	
-43	0.327433	
-43	0.337298	
-43	0.343538	
-43	0.346087	
-42	0.341784	
-42	0.343177	
-42	0.347093	
-42	0.347482	
-42	0.349462	
-42	0.360331	
-41	0.365436	
-41	0.378306	
-41	0.38227	
-41	0.352782	
-41	0.355821	
-40	0.374722	
-40	0.373779	
-40	0.367364	
-40	0.37569	
-40	0.389427	
-40	0.402642	
-39	0.408716	
-39	0.407705	
-39	0.40749	
-39	0.41189	
-39	0.418136	
-39	0.415221	
-38	0.413213	
-38	0.413294	
-38	0.418133	
-38	0.422902	
-38	0.432436	
-37	0.436431	
-37	0.440452	
-37	0.441562	
-37	0.441675	
-37	0.447768	
-37	0.443521	
-36	0.441939	
-36	0.456321	
-36	0.458933	
-36	0.452492	
-36	0.450586	
-35	0.448254	
-35	0.449271	
-35	0.444407	
-35	0.443886	
-35	0.469537	
-35	0.491654	
-34	0.483352	
-34	0.480317	
-34	0.486265	
-34	0.497885	
-34	0.495592	
-33	0.488893	
-33	0.488464	
-33	0.487917	
-33	0.491941	
-33	0.505975	
-33	0.509828	
-32	0.510595	
-32	0.51258	
-32	0.507435	
-32	0.516846	
-32	0.530423	
-32	0.538258	
-31	0.544413	
-31	0.54841	
-31	0.545082	
-31	0.549748	
-31	0.54968	
-30	0.552722	
-30	0.557912	
-30	0.559259	
-30	0.565748	
-30	0.570341	
-30	0.570708	
-29	0.573422	
-29	0.576858	
-29	0.581143	
-29	0.589957	
-29	0.596795	
-28	0.601466	
-28	0.604393	
-28	0.601853	
-28	0.605986	
-28	0.613929	
-28	0.618326	
-27	0.623201	
-27	0.623919	
-27	0.622303	
-27	0.62267	
-27	0.62561	
-26	0.629231	
-26	0.636702	
-26	0.648494	
-26	0.657921	
-26	0.662299	
-26	0.663027	
-25	0.665724	
-25	0.666493	
-25	0.666725	
-25	0.67048	
-25	0.674069	
-24	0.68554	
-24	0.697156	
-24	0.708876	
-24	0.720065	
-24	0.720796	
-24	0.722509	
-23	0.727355	
-23	0.729119	
-23	0.73588	
-23	0.736097	
-23	0.734278	
-22	0.734187	
-22	0.733446	
-22	0.729764	
-22	0.729069	
-22	0.727145	
-22	0.718905	
-21	0.725423	
-21	0.722448	
-21	0.728681	
-21	0.728717	
-21	0.722736	
-21	0.728288	
-20	0.735098	
-20	0.743254	
-20	0.750882	
-20	0.751979	
-20	0.757359	
-19	0.765144	
-19	0.773479	
-19	0.784761	
-19	0.785089	
-19	0.787698	
-19	0.789444	
-18	0.79261	
-18	0.804183	
-18	0.815085	
-18	0.817393	
-18	0.821455	
-17	0.827421	
-17	0.829774	
-17	0.836555	
-17	0.840959	
-17	0.847649	
-17	0.851029	
-16	0.845231	
-16	0.849609	
-16	0.855557	
-16	0.857626	
-16	0.873309	
-15	0.889369	
-15	0.898793	
-15	0.907947	
-15	0.909148	
-15	0.911307	
-15	0.906421	
-14	0.900123	
-14	0.902473	
-14	0.904714	
-14	0.909717	
-14	0.923053	
-14	0.929961	
-13	0.93185	
-13	0.933478	
-13	0.931002	
-13	0.93424	
-13	0.933627	
-12	0.930269	
-12	0.93426	
-12	0.930047	
-12	0.930322	
-12	0.934068	
-12	0.933868	
-11	0.93762	
-11	0.939704	
-11	0.94282	
-11	0.951562	
-11	0.95264	
-10	0.951014	
-10	0.948278	
-10	0.939801	
-10	0.934971	
-10	0.933329	
-10	0.929764	
-9	0.932226	
-9	0.935821	
-9	0.942969	
-9	0.948207	
-9	0.947373	
-8	0.947713	
-8	0.953018	
-8	0.954479	
-8	0.964698	
-8	0.968807	
-8	0.96341	
-7	0.964068	
-7	0.964899	
-7	0.968743	
-7	0.976272	
-7	0.971336	
-6	0.972124	
-6	0.976109	
-6	0.976349	
-6	0.980226	
-6	0.979758	
-6	0.983361	
-5	0.987515	
-5	0.987275	
-5	0.990843	
-5	1.00057	
-5	0.997509	
-4	0.996865	
-4	0.998813	
-4	0.999835	
-4	1.00919	
-4	1.01299	
-4	1.01185	
-3	1.01146	
-3	1.00775	
-3	1.01289	
-3	1.01407	
-3	1.00855	
-3	1.00397	
-2	0.994784	
-2	0.992742	
-2	1.00054	
-2	1.01116	
-2	1.01811	
-1	1.01951	
-1	1.0157	
-1	1.02456	
-1	1.0256	
-1	1.02047	
-1	1.01937	
-0	1.01792	
-0	1.01854	
0	1.02118	
0	1.01838	
0	1.02144	
1	1.02482	
1	1.02578	
1	1.02948	
1	1.02754	
1	1.02141	
1	1.02394	
2	1.02131	
2	1.02454	
2	1.03173	
2	1.03198	
2	1.03421	
3	1.03174	
3	1.02914	
3	1.03123	
3	1.03058	
3	1.02104	
3	1.02553	
4	1.03319	
4	1.03596	
4	1.02883	
4	1.03808	
4	1.0438	
4	1.03082	
5	1.03838	
5	1.04554	
5	1.03884	
5	1.04614	
5	1.06101	
6	1.06061	
6	1.05757	
6	1.05382	
6	1.05556	
6	1.06587	
6	1.07034	
7	1.07188	
7	1.07652	
7	1.06606	
7	1.06598	
7	1.06903	
8	1.06951	
8	1.07293	
8	1.07834	
8	1.07932	
8	1.08934	
8	1.0872	
9	1.07652	
9	1.07528	
9	1.07482	
9	1.0773	
9	1.07773	
10	1.07432	
10	1.07808	
10	1.07223	
10	1.07095	
10	1.07087	
10	1.06645	
11	1.06981	
11	1.06753	
11	1.06799	
11	1.06516	
11	1.05675	
12	1.05223	
12	1.05167	
12	1.0441	
12	1.03726	
12	1.0306	
12	1.02514	
13	1.024	
13	1.02315	
13	1.01969	
13	1.02106	
13	1.014	
14	1.01376	
14	1.01787	
14	1.01588	
14	1.02441	
14	1.02758	
14	1.02428	
15	1.02571	
15	1.02172	
15	1.01937	
15	1.0208	
15	1.02266	
15	1.01755	
16	1.02195	
16	1.01967	
16	1.01695	
16	1.01942	
16	1.01459	
17	1.0182	
17	1.00986	
17	1.01672	
17	1.01345	
17	1.00581	
17	1.00643	
18	1.004	
18	0.999358	
18	1.0046	
18	0.993098	
18	0.987859	
19	0.994984	
19	0.986638	
19	0.980998	
19	0.981786	
19	0.973313	
19	0.972754	
20	0.966207	
20	0.959423	
20	0.957402	
20	0.951533	
20	0.94668	
21	0.940869	
21	0.936548	
21	0.942104	
21	0.939363	
21	0.932272	
21	0.929825	
22	0.917877	
22	0.920418	
22	0.918049	
22	0.912362	
22	0.913261	
22	0.912004	
23	0.911735	
23	0.914015	
23	0.912296	
23	0.9106	
23	0.914628	
24	0.91204	
24	0.914094	
24	0.918022	
24	0.918284	
24	0.916925	
24	0.91178	
25	0.908342	
25	0.91164	
25	0.912948	
25	0.905865	
25	0.901201	
26	0.896924	
26	0.894332	
26	0.888344	
26	0.878652	
26	0.879776	
26	0.871086	
27	0.862512	
27	0.86036	
27	0.852997	
27	0.845127	
27	0.834973	
28	0.828346	
28	0.826327	
28	0.819907	
28	0.812866	
28	0.810963	
28	0.803112	
29	0.796035	
29	0.793963	
29	0.789639	
29	0.788365	
29	0.784843	
30	0.777497	
30	0.776498	
30	0.773764	
30	0.770482	
30	0.77483	
30	0.775896	
31	0.770744	
31	0.767673	
31	0.765455	
31	0.764482	
31	0.76332	
32	0.758766	
32	0.757098	
32	0.751708	
32	0.745043	
32	0.74213	
32	0.733919	
33	0.727018	
33	0.722895	
33	0.719252	
33	0.720457	
33	0.714198	
33	0.709179	
34	0.70818	
34	0.702377	
34	0.699804	
34	0.696923	
34	0.692144	
35	0.68989	
35	0.68433	
35	0.679148	
35	0.677683	
35	0.671283	
35	0.666261	
36	0.662213	
36	0.655492	
36	0.652081	
36	0.647501	
36	0.642375	
37	0.639865	
37	0.634473	
37	0.628888	
37	0.626426	
37	0.620729	
37	0.616195	
38	0.612807	
38	0.607212	
38	0.606008	
38	0.60229	
38	0.598494	
39	0.598908	
39	0.593866	
39	0.589477	
39	0.588033	
39	0.582545	
39	0.582604	
40	0.577736	
40	0.570865	
40	0.570208	
40	0.566269	
40	0.558837	
40	0.555088	
41	0.55004	
41	0.545506	
41	0.542564	
41	0.536402	
41	0.535559	
42	0.530959	
42	0.526835	
42	0.523831	
42	0.518983	
42	0.515149	
42	0.514499	
43	0.512996	
43	0.511166	
43	0.505808	
43	0.505339	
43	0.507242	
44	0.503179	
44	0.501979	
44	0.49756	
44	0.491737	
44	0.490449	
44	0.482897	
45	0.478132	
45	0.476643	
45	0.469437	
45	0.46317	
45	0.464044	
46	0.457337	
46	0.454807	
46	0.452251	
46	0.447657	
46	0.447715	
46	0.445274	
47	0.444022	
47	0.442727	
47	0.439891	
47	0.436109	
47	0.435688	
48	0.433005	
48	0.430443	
48	0.426302	
48	0.421034	
48	0.420535	
48	0.414022	
49	0.40842	
49	0.403828	
49	0.398821	
49	0.393794	
49	0.391818	
50	0.387634	
50	0.382671	
50	0.377606	
50	0.374178	
50	0.372555	
50	0.368965	
51	0.366082	
51	0.36326	
51	0.359397	
51	0.357239	
51	0.353385	
51	0.34939	
52	0.348197	
52	0.343771	
52	0.34001	
52	0.337589	
52	0.332758	
53	0.330267	
53	0.326673	
53	0.32307	
53	0.323162	
53	0.317324	
53	0.31123	
54	0.310802	
54	0.309177	
54	0.306763	
54	0.304701	
54	0.302089	
55	0.298357	
55	0.296468	
55	0.294747	
55	0.294007	
55	0.289283	
55	0.287916	
56	0.285376	
56	0.280778	
56	0.278494	
56	0.276104	
56	0.273287	
57	0.270038	
57	0.267811	
57	0.263994	
57	0.262905	
57	0.258108	
57	0.255683	
58	0.254009	
58	0.252355	
58	0.25063	
58	0.247753	
58	0.245616	
58	0.245053	
59	0.24248	
59	0.240313	
59	0.240309	
59	0.238388	
59	0.236137	
60	0.234947	
60	0.232523	
60	0.231941	
60	0.228233	
60	0.224118	
60	0.221607	
61	0.217809	
61	0.213976	
61	0.211284	
61	0.208806	
61	0.206538	
62	0.203116	
62	0.200964	
62	0.200141	
62	0.198155	
62	0.196723	
62	0.195969	
63	0.193764	
63	0.192026	
63	0.190444	
63	0.187431	
63	0.185397	
64	0.182456	
64	0.17984	
64	0.178353	
64	0.175647	
64	0.17318	
64	0.17156	
65	0.169624	
65	0.168487	
65	0.167428	
65	0.165851	
65	0.165857	
66	0.164692	
66	0.16364	
66	0.163102	
66	0.161798	
66	0.160901	
66	0.158938	
67	0.156173	
67	0.15557	
67	0.152771	
67	0.149611	
67	0.147445	
68	0.144975	
68	0.14359	
68	0.142441	
68	0.14064	
68	0.139528	
68	0.138334	
69	0.137096	
69	0.136416	
69	0.134896	
69	0.133089	
69	0.131962	
69	0.130092	
70	0.129923	
70	0.128654	
70	0.127611	
70	0.127239	
70	0.126168	
71	0.125022	
71	0.125533	
71	0.123962	
71	0.123091	
71	0.121561	
71	0.120887	
72	0.120158	
72	0.119026	
72	0.11796	
72	0.118145	
72	0.117011	
73	0.1162	
73	0.115279	
73	0.113763	
73	0.113292	
73	0.11279	
73	0.11212	
74	0.111063	
74	0.109505	
74	0.10774	
74	0.106276	
74	0.104066	
75	0.10316	
75	0.101124	
75	0.0994888	
75	0.0991022	
75	0.0980383	
75	0.0972371	
76	0.0972531	
76	0.0968966	
76	0.0971029	
76	0.0971449	
76	0.0966136	
76	0.0965846	
77	0.0958082	
77	0.0953026	
77	0.0944382	
77	0.0929736	
77	0.0926757	
78	0.0920612	
78	0.0907739	
78	0.0903469	
78	0.0898506	
78	0.0894057	
78	0.0890536	
79	0.0883242	
79	0.0878135	
79	0.087813	
79	0.0866085	
79	0.0866272	
80	0.0859217	
80	0.0852075	
80	0.0846684	
80	0.0836543	
80	0.0826141	
80	0.0823455	
81	0.0817529	
81	0.0811999	
81	0.0809965	
81	0.0797844	
81	0.0795921	
82	0.0785627	
82	0.0786353	
82	0.0784229	
82	0.0777661	
82	0.078047	
82	0.0772282	
83	0.0758637	
83	0.0755631	
83	0.0751925	
83	0.0738464	
83	0.0733742	
84	0.0721505	
84	0.0715923	
84	0.0705492	
84	0.0692103	
84	0.068665	
84	0.0674824	
85	0.0664195	
85	0.0661793	
85	0.06601	
85	0.0647084	
85	0.0649481	
86	0.0654022	
86	0.0646855	
86	0.0641108	
86	0.063489	
86	0.0633688	
86	0.0631343	
87	0.063089	
87	0.0634858	
87	0.062998	
87	0.062459	
87	0.063011	
87	0.062542	
88	0.0624943	
88	0.0624584	
88	0.0619946	
88	0.0617334	
88	0.0600991	
89	0.0598039	
89	0.0590724	
89	0.058435	
89	0.0572953	
89	0.05596	
89	0.0545913	
90	0.0546877	
90	0.0531405	
