Óãîë, ãðàä - ÄÍ	Ñèãíàë äåòåêòîðà, î.å. - ÄÍ	
-90	0.0293109	
-90	0.030253	
-90	0.0298197	
-89	0.0304957	
-89	0.0313536	
-89	0.0319133	
-89	0.0331102	
-89	0.0333265	
-89	0.0336943	
-88	0.0360639	
-88	0.0404456	
-88	0.0397231	
-88	0.040523	
-88	0.0430623	
-87	0.0440725	
-87	0.0436883	
-87	0.0454373	
-87	0.0452955	
-87	0.0447201	
-87	0.0446886	
-86	0.0441128	
-86	0.0430362	
-86	0.042298	
-86	0.0417371	
-86	0.0410965	
-86	0.0412709	
-85	0.0401631	
-85	0.0393188	
-85	0.0419229	
-85	0.0434173	
-85	0.0449025	
-84	0.0457476	
-84	0.0415949	
-84	0.0423033	
-84	0.0407747	
-84	0.0403951	
-84	0.0410417	
-83	0.0419845	
-83	0.0420761	
-83	0.0436735	
-83	0.0433854	
-83	0.0439631	
-82	0.0445432	
-82	0.044788	
-82	0.0456405	
-82	0.0463256	
-82	0.0479063	
-82	0.0480269	
-81	0.0485464	
-81	0.048476	
-81	0.0511306	
-81	0.0494285	
-81	0.0493825	
-80	0.0486424	
-80	0.0494299	
-80	0.0517639	
-80	0.050153	
-80	0.0506799	
-80	0.0508589	
-79	0.049123	
-79	0.0496279	
-79	0.0494028	
-79	0.0492931	
-79	0.0490649	
-78	0.0494769	
-78	0.0487594	
-78	0.0499192	
-78	0.0506555	
-78	0.0514281	
-78	0.0529591	
-77	0.0530654	
-77	0.0530127	
-77	0.0550928	
-77	0.0582626	
-77	0.0571544	
-76	0.0581247	
-76	0.057722	
-76	0.060307	
-76	0.0598065	
-76	0.0626549	
-76	0.0629332	
-75	0.0624996	
-75	0.0646498	
-75	0.0664287	
-75	0.0663175	
-75	0.0681541	
-75	0.0683449	
-74	0.0687977	
-74	0.069598	
-74	0.0697917	
-74	0.071162	
-74	0.0687963	
-73	0.0707761	
-73	0.0708602	
-73	0.0695351	
-73	0.0693496	
-73	0.0697782	
-73	0.0703622	
-72	0.0718008	
-72	0.0711301	
-72	0.0713012	
-72	0.0719085	
-72	0.0723223	
-71	0.0735369	
-71	0.0752439	
-71	0.0752168	
-71	0.0758106	
-71	0.0757891	
-71	0.0770099	
-70	0.0777948	
-70	0.0774497	
-70	0.0782458	
-70	0.0804978	
-70	0.0793475	
-69	0.0814518	
-69	0.0816091	
-69	0.0794272	
-69	0.0814287	
-69	0.0879459	
-69	0.0866125	
-68	0.086295	
-68	0.0876222	
-68	0.0895926	
-68	0.0904591	
-68	0.0914052	
-68	0.0927725	
-67	0.0942886	
-67	0.096062	
-67	0.0971294	
-67	0.0982859	
-67	0.0983982	
-66	0.100011	
-66	0.0997931	
-66	0.10275	
-66	0.100383	
-66	0.101691	
-66	0.103363	
-65	0.10325	
-65	0.107993	
-65	0.105545	
-65	0.106672	
-65	0.107011	
-64	0.108114	
-64	0.108849	
-64	0.110739	
-64	0.110768	
-64	0.112194	
-64	0.114043	
-63	0.114122	
-63	0.114412	
-63	0.11694	
-63	0.117429	
-63	0.119726	
-62	0.121006	
-62	0.119794	
-62	0.123737	
-62	0.124187	
-62	0.125877	
-62	0.128696	
-61	0.129522	
-61	0.13308	
-61	0.135712	
-61	0.137298	
-61	0.141478	
-60	0.143466	
-60	0.147493	
-60	0.151024	
-60	0.155371	
-60	0.159557	
-60	0.163231	
-59	0.168039	
-59	0.172501	
-59	0.174836	
-59	0.178365	
-59	0.182743	
-58	0.185124	
-58	0.188766	
-58	0.191316	
-58	0.194627	
-58	0.199461	
-58	0.203122	
-57	0.202889	
-57	0.205673	
-57	0.206292	
-57	0.207516	
-57	0.213132	
-57	0.214881	
-56	0.21349	
-56	0.212308	
-56	0.215229	
-56	0.217205	
-56	0.219747	
-55	0.221681	
-55	0.223404	
-55	0.222578	
-55	0.224487	
-55	0.225639	
-55	0.228966	
-54	0.227728	
-54	0.228515	
-54	0.232897	
-54	0.23616	
-54	0.237026	
-53	0.242944	
-53	0.245195	
-53	0.249146	
-53	0.255909	
-53	0.259099	
-53	0.264567	
-52	0.270727	
-52	0.277955	
-52	0.284709	
-52	0.290886	
-52	0.295554	
-51	0.301466	
-51	0.305125	
-51	0.310389	
-51	0.315885	
-51	0.319894	
-51	0.324565	
-50	0.328272	
-50	0.332255	
-50	0.338325	
-50	0.34152	
-50	0.344018	
-50	0.346431	
-49	0.350859	
-49	0.352468	
-49	0.355733	
-49	0.359561	
-49	0.361548	
-48	0.363371	
-48	0.363498	
-48	0.367207	
-48	0.36587	
-48	0.367096	
-48	0.369455	
-47	0.368664	
-47	0.36976	
-47	0.368734	
-47	0.369265	
-47	0.371538	
-46	0.370128	
-46	0.372302	
-46	0.3764	
-46	0.376113	
-46	0.380679	
-46	0.386143	
-45	0.385012	
-45	0.393238	
-45	0.39397	
-45	0.394058	
-45	0.403697	
-44	0.406656	
-44	0.412383	
-44	0.423452	
-44	0.426013	
-44	0.429292	
-44	0.437571	
-43	0.445931	
-43	0.454285	
-43	0.458057	
-43	0.464712	
-43	0.468406	
-42	0.472236	
-42	0.475747	
-42	0.484337	
-42	0.483859	
-42	0.48772	
-42	0.494146	
-41	0.498359	
-41	0.502135	
-41	0.501784	
-41	0.504824	
-41	0.507009	
-40	0.506704	
-40	0.512507	
-40	0.516204	
-40	0.516912	
-40	0.526288	
-40	0.528291	
-39	0.53152	
-39	0.529901	
-39	0.533645	
-39	0.5404	
-39	0.543139	
-39	0.54585	
-38	0.557658	
-38	0.560198	
-38	0.56472	
-38	0.569949	
-38	0.577383	
-37	0.584194	
-37	0.590937	
-37	0.595179	
-37	0.605429	
-37	0.611628	
-37	0.61977	
-36	0.630015	
-36	0.633592	
-36	0.640195	
-36	0.644456	
-36	0.648782	
-35	0.656281	
-35	0.661862	
-35	0.66763	
-35	0.672469	
-35	0.674737	
-35	0.679774	
-34	0.683647	
-34	0.686029	
-34	0.692158	
-34	0.693165	
-34	0.69613	
-33	0.702418	
-33	0.70272	
-33	0.706084	
-33	0.710253	
-33	0.710483	
-33	0.717337	
-32	0.719396	
-32	0.720561	
-32	0.726262	
-32	0.728194	
-32	0.731754	
-32	0.734648	
-31	0.738514	
-31	0.744793	
-31	0.747359	
-31	0.747853	
-31	0.753579	
-30	0.754889	
-30	0.758381	
-30	0.766164	
-30	0.769128	
-30	0.775559	
-30	0.777842	
-29	0.782751	
-29	0.791375	
-29	0.792619	
-29	0.798754	
-29	0.808503	
-28	0.810812	
-28	0.816589	
-28	0.822274	
-28	0.83033	
-28	0.840532	
-28	0.848588	
-27	0.852887	
-27	0.86161	
-27	0.86874	
-27	0.877314	
-27	0.883223	
-26	0.890773	
-26	0.901545	
-26	0.907231	
-26	0.910225	
-26	0.92282	
-26	0.928347	
-25	0.936426	
-25	0.949093	
-25	0.952665	
-25	0.964401	
-25	0.971529	
-24	0.976211	
-24	0.988632	
-24	0.992406	
-24	0.999992	
-24	1.0095	
-24	1.01613	
-23	1.02395	
-23	1.02967	
-23	1.0329	
-23	1.04224	
-23	1.04374	
-22	1.04149	
-22	1.04712	
-22	1.0463	
-22	1.05025	
-22	1.05225	
-22	1.05377	
-21	1.06168	
-21	1.05467	
-21	1.05324	
-21	1.05717	
-21	1.05754	
-21	1.06352	
-20	1.0674	
-20	1.06105	
-20	1.06776	
-20	1.0687	
-20	1.06868	
-19	1.07328	
-19	1.07353	
-19	1.07666	
-19	1.08116	
-19	1.07852	
-19	1.08305	
-18	1.08041	
-18	1.07941	
-18	1.08349	
-18	1.08286	
-18	1.08493	
-17	1.08995	
-17	1.08958	
-17	1.08822	
-17	1.09012	
-17	1.08946	
-17	1.09984	
-16	1.09908	
-16	1.09937	
-16	1.1024	
-16	1.10308	
-16	1.1075	
-15	1.11002	
-15	1.10207	
-15	1.1105	
-15	1.11373	
-15	1.11256	
-15	1.11946	
-14	1.11622	
-14	1.12201	
-14	1.12856	
-14	1.12834	
-14	1.13577	
-14	1.1398	
-13	1.13907	
-13	1.14714	
-13	1.14922	
-13	1.15448	
-13	1.16074	
-12	1.16078	
-12	1.17032	
-12	1.17265	
-12	1.17579	
-12	1.1877	
-12	1.19013	
-11	1.19311	
-11	1.20261	
-11	1.20408	
-11	1.20987	
-11	1.21504	
-10	1.2177	
-10	1.22794	
-10	1.22935	
-10	1.2366	
-10	1.24531	
-10	1.24539	
-9	1.25258	
-9	1.25828	
-9	1.26233	
-9	1.26987	
-9	1.27141	
-8	1.2734	
-8	1.27868	
-8	1.27984	
-8	1.28583	
-8	1.29065	
-8	1.29012	
-7	1.29256	
-7	1.29428	
-7	1.30052	
-7	1.30608	
-7	1.30401	
-6	1.30591	
-6	1.30844	
-6	1.30757	
-6	1.31161	
-6	1.31053	
-6	1.31051	
-5	1.31968	
-5	1.31728	
-5	1.31888	
-5	1.32283	
-5	1.32099	
-4	1.3304	
-4	1.33059	
-4	1.3248	
-4	1.33162	
-4	1.32935	
-4	1.33078	
-3	1.33794	
-3	1.33417	
-3	1.33571	
-3	1.33576	
-3	1.33804	
-3	1.34379	
-2	1.34247	
-2	1.34145	
-2	1.34989	
-2	1.34987	
-2	1.35336	
-1	1.35856	
-1	1.35728	
-1	1.36628	
-1	1.36834	
-1	1.36917	
-1	1.37885	
-0	1.37876	
-0	1.38185	
0	1.389	
0	1.38663	
0	1.39362	
1	1.39473	
1	1.39427	
1	1.40283	
1	1.4008	
1	1.40679	
1	1.40862	
2	1.40534	
2	1.4144	
2	1.41347	
2	1.41171	
2	1.42052	
3	1.41949	
3	1.41973	
3	1.42577	
3	1.42611	
3	1.42835	
3	1.43111	
4	1.43218	
4	1.43864	
4	1.43784	
4	1.43774	
4	1.4458	
4	1.44497	
5	1.44562	
5	1.44717	
5	1.44364	
5	1.45068	
5	1.44836	
6	1.44546	
6	1.44933	
6	1.4485	
6	1.44583	
6	1.44902	
6	1.44697	
7	1.44841	
7	1.44403	
7	1.44165	
7	1.44532	
7	1.43982	
8	1.43856	
8	1.43631	
8	1.43093	
8	1.4304	
8	1.42781	
8	1.42254	
9	1.42256	
9	1.41491	
9	1.40574	
9	1.40716	
9	1.39814	
10	1.39679	
10	1.39395	
10	1.38275	
10	1.37915	
10	1.36843	
10	1.35705	
11	1.35237	
11	1.34265	
11	1.33182	
11	1.32509	
11	1.31714	
12	1.31233	
12	1.29998	
12	1.28893	
12	1.28301	
12	1.27328	
12	1.26548	
13	1.25859	
13	1.24789	
13	1.24259	
13	1.23927	
13	1.23267	
14	1.23106	
14	1.22413	
14	1.21713	
14	1.21413	
14	1.20508	
14	1.20461	
15	1.20002	
15	1.19571	
15	1.19603	
15	1.18892	
15	1.18463	
15	1.18736	
16	1.18507	
16	1.18431	
16	1.18478	
16	1.18161	
16	1.18532	
17	1.18482	
17	1.18221	
17	1.18505	
17	1.17752	
17	1.18235	
17	1.18122	
18	1.17599	
18	1.18015	
18	1.17915	
18	1.17611	
18	1.1815	
19	1.17996	
19	1.17842	
19	1.18438	
19	1.17965	
19	1.18592	
19	1.18236	
20	1.18126	
20	1.1866	
20	1.18454	
20	1.18266	
20	1.18545	
21	1.18187	
21	1.18365	
21	1.18381	
21	1.17883	
21	1.18408	
21	1.1796	
22	1.17679	
22	1.18035	
22	1.17275	
22	1.1729	
22	1.16777	
22	1.16287	
23	1.16503	
23	1.15955	
23	1.1518	
23	1.15089	
23	1.14297	
24	1.13871	
24	1.13775	
24	1.12744	
24	1.12554	
24	1.11708	
24	1.10747	
25	1.10646	
25	1.09871	
25	1.09285	
25	1.08708	
25	1.07902	
26	1.07369	
26	1.06424	
26	1.05432	
26	1.05052	
26	1.04003	
26	1.03278	
27	1.02605	
27	1.01614	
27	1.01019	
27	1.00034	
27	0.991977	
28	0.985243	
28	0.976428	
28	0.966368	
28	0.963435	
28	0.953211	
28	0.946039	
29	0.938208	
29	0.930499	
29	0.928702	
29	0.920632	
29	0.914353	
30	0.911917	
30	0.904644	
30	0.901897	
30	0.898472	
30	0.893485	
30	0.890921	
31	0.887213	
31	0.88092	
31	0.87926	
31	0.87354	
31	0.871322	
32	0.86833	
32	0.862802	
32	0.861466	
32	0.857932	
32	0.851103	
32	0.850425	
33	0.843635	
33	0.838047	
33	0.834033	
33	0.826802	
33	0.823735	
33	0.819149	
34	0.81254	
34	0.809972	
34	0.802279	
34	0.798605	
34	0.795764	
35	0.788618	
35	0.787383	
35	0.784917	
35	0.779581	
35	0.778991	
35	0.775212	
36	0.771612	
36	0.772567	
36	0.767285	
36	0.768309	
36	0.765532	
37	0.761049	
37	0.764168	
37	0.75714	
37	0.752945	
37	0.75193	
37	0.744162	
38	0.73942	
38	0.733041	
38	0.724442	
38	0.717884	
38	0.70903	
39	0.699161	
39	0.691059	
39	0.677861	
39	0.669233	
39	0.658475	
39	0.647409	
40	0.637675	
40	0.627558	
40	0.616243	
40	0.610347	
40	0.600717	
40	0.592694	
41	0.587433	
41	0.579034	
41	0.575932	
41	0.569884	
41	0.564802	
42	0.564049	
42	0.560063	
42	0.556957	
42	0.556723	
42	0.555062	
42	0.554738	
43	0.553461	
43	0.55229	
43	0.552635	
43	0.550727	
43	0.548209	
44	0.548906	
44	0.544951	
44	0.542832	
44	0.539807	
44	0.534875	
44	0.531925	
45	0.527155	
45	0.522833	
45	0.519652	
45	0.514038	
45	0.509699	
46	0.507178	
46	0.501244	
46	0.499426	
46	0.494689	
46	0.48889	
46	0.485222	
47	0.48008	
47	0.47478	
47	0.471322	
47	0.465525	
47	0.460934	
48	0.454676	
48	0.447987	
48	0.443055	
48	0.436565	
48	0.430715	
48	0.425762	
49	0.417733	
49	0.412392	
49	0.406377	
49	0.398378	
49	0.393004	
50	0.387359	
50	0.381174	
50	0.376528	
50	0.371993	
50	0.36824	
50	0.363641	
51	0.359978	
51	0.358413	
51	0.355172	
51	0.351377	
51	0.350038	
51	0.346226	
52	0.344282	
52	0.342213	
52	0.338871	
52	0.33734	
52	0.335447	
53	0.334084	
53	0.333153	
53	0.331665	
53	0.330314	
53	0.328833	
53	0.325193	
54	0.324662	
54	0.322668	
54	0.319489	
54	0.318801	
54	0.315292	
55	0.312031	
55	0.310091	
55	0.306841	
55	0.304486	
55	0.300696	
55	0.295884	
56	0.292814	
56	0.287708	
56	0.282855	
56	0.279077	
56	0.273696	
57	0.268599	
57	0.263244	
57	0.256933	
57	0.253184	
57	0.248314	
57	0.242777	
58	0.239472	
58	0.235229	
58	0.230813	
58	0.226902	
58	0.221901	
58	0.219311	
59	0.214342	
59	0.210011	
59	0.206918	
59	0.20305	
59	0.199212	
60	0.195995	
60	0.192125	
60	0.189736	
60	0.186335	
60	0.183108	
60	0.180488	
61	0.177517	
61	0.175418	
61	0.173082	
61	0.170991	
61	0.169783	
62	0.168238	
62	0.166959	
62	0.166481	
62	0.165274	
62	0.164319	
62	0.163925	
63	0.162486	
63	0.161882	
63	0.160335	
63	0.158328	
63	0.157364	
64	0.155428	
64	0.153323	
64	0.151557	
64	0.148743	
64	0.146854	
64	0.144274	
65	0.14147	
65	0.139031	
65	0.13647	
65	0.133191	
65	0.130581	
66	0.126948	
66	0.124129	
66	0.120976	
66	0.117711	
66	0.115234	
66	0.112449	
67	0.110009	
67	0.107877	
67	0.105543	
67	0.103384	
67	0.10145	
68	0.0994508	
68	0.0980653	
68	0.0966572	
68	0.0949997	
68	0.0941172	
68	0.0932516	
69	0.0922927	
69	0.0914776	
69	0.0908566	
69	0.0902209	
69	0.0894415	
69	0.0887501	
70	0.0885014	
70	0.0876222	
70	0.0870624	
70	0.0864341	
70	0.0854801	
71	0.0848194	
71	0.0841559	
71	0.0840468	
71	0.0838769	
71	0.0831613	
71	0.0823126	
72	0.0815314	
72	0.0807405	
72	0.0796094	
72	0.0785308	
72	0.0771498	
73	0.0761285	
73	0.0744256	
73	0.0731618	
73	0.0719567	
73	0.070817	
73	0.0695898	
74	0.0690739	
74	0.0680828	
74	0.0677837	
74	0.0674016	
74	0.0669928	
75	0.0668964	
75	0.0665461	
75	0.0664122	
75	0.0662183	
75	0.0658926	
75	0.065465	
76	0.0649535	
76	0.0645318	
76	0.0638162	
76	0.0634805	
76	0.0630289	
76	0.0629688	
77	0.0627882	
77	0.0622676	
77	0.0625467	
77	0.0625656	
77	0.0622924	
78	0.0630658	
78	0.0632211	
78	0.0632436	
78	0.063194	
78	0.0630332	
78	0.0632123	
79	0.0627302	
79	0.0626472	
79	0.0623224	
79	0.0617656	
79	0.0614846	
80	0.0606698	
80	0.0604057	
80	0.0593991	
80	0.0590869	
80	0.0586239	
80	0.0581973	
81	0.057162	
81	0.0564361	
81	0.0561513	
81	0.0554256	
81	0.0550655	
82	0.0540373	
82	0.0531199	
82	0.0525208	
82	0.0522261	
82	0.0517509	
82	0.0514865	
83	0.0509514	
83	0.0508939	
83	0.0509602	
83	0.0505499	
83	0.0500578	
84	0.0500259	
84	0.0496843	
84	0.0490583	
84	0.0483857	
84	0.0477088	
84	0.046567	
85	0.0456104	
85	0.0445158	
85	0.0434482	
85	0.0428409	
85	0.0418216	
86	0.0412961	
86	0.0410885	
86	0.0409719	
86	0.0409699	
86	0.0409108	
86	0.0412319	
87	0.0415876	
87	0.0414751	
87	0.0417365	
87	0.0423677	
87	0.0423778	
87	0.0429612	
88	0.0434911	
88	0.0437886	
88	0.0444309	
88	0.0447105	
88	0.0446256	
89	0.044588	
89	0.0437729	
89	0.0436211	
89	0.0425951	
89	0.0413639	
89	0.0406022	
90	0.0388246	
90	0.0374447	
