Óãîë, ãðàä - ÄÍ	Ñèãíàë äåòåêòîðà, î.å. - ÄÍ	
-90	0.00565682	
-90	0.000331152	
-90	0.000354675	
-89	0.000277556	
-89	0.000308065	
-89	0.000270964	
-89	0.000330768	
-89	0.000319842	
-89	0.000358316	
-88	0.000292419	
-88	0.000275271	
-88	0.000344702	
-88	0.000395381	
-88	0.000319632	
-87	0.000242186	
-87	0.000396682	
-87	0.000299658	
-87	0.000330975	
-87	0.000331752	
-87	0.000283175	
-86	0.00031865	
-86	0.000310531	
-86	0.000277976	
-86	0.000301545	
-86	0.000338603	
-86	0.000275957	
-85	0.000366172	
-85	0.000364937	
-85	0.000292647	
-85	0.000274808	
-85	0.00027259	
-84	0.000320162	
-84	0.000325006	
-84	0.000368292	
-84	0.000345928	
-84	0.000317581	
-84	0.000375952	
-83	0.00036178	
-83	0.000350684	
-83	0.000378565	
-83	0.000223944	
-83	0.000291338	
-82	0.000387686	
-82	0.000331511	
-82	0.000343198	
-82	0.000297137	
-82	0.000309246	
-82	0.000358054	
-81	0.000290231	
-81	0.000341388	
-81	0.000335719	
-81	0.000340748	
-81	0.000302596	
-80	0.00029376	
-80	0.0003365	
-80	0.000290297	
-80	0.000298314	
-80	0.000382609	
-80	0.000363311	
-79	0.000362815	
-79	0.000356139	
-79	0.000315763	
-79	0.000227998	
-79	0.000383699	
-78	0.000339268	
-78	0.000298802	
-78	0.000311596	
-78	0.000343368	
-78	0.000377683	
-78	0.00037165	
-77	0.000371184	
-77	0.000372624	
-77	0.000259561	
-77	0.000275969	
-77	0.000234911	
-76	0.000292053	
-76	0.000271542	
-76	0.000353445	
-76	0.000369335	
-76	0.000367589	
-76	0.000465107	
-75	0.000326375	
-75	0.000294942	
-75	0.00020198	
-75	0.000409892	
-75	0.000507884	
-75	0.000398313	
-74	0.000356551	
-74	0.000389424	
-74	0.000320564	
-74	0.000321766	
-74	0.000296939	
-73	0.000278842	
-73	0.000382618	
-73	0.000302345	
-73	0.000355316	
-73	0.000415181	
-73	0.000381549	
-72	0.000389141	
-72	0.000365129	
-72	0.000290351	
-72	0.000203042	
-72	0.000433526	
-71	0.000388146	
-71	0.000383729	
-71	0.000377112	
-71	0.000393501	
-71	0.000422583	
-71	0.000393263	
-70	0.000351603	
-70	0.000390139	
-70	0.00028228	
-70	0.000390306	
-70	0.000315546	
-69	0.000308391	
-69	0.00036475	
-69	0.000375139	
-69	0.00038054	
-69	0.000336584	
-69	0.000297025	
-68	0.000321726	
-68	0.000386522	
-68	0.000270933	
-68	0.000361506	
-68	0.000285914	
-68	0.000270693	
-67	0.000314361	
-67	0.000383378	
-67	0.000360737	
-67	0.000212985	
-67	0.000398982	
-66	0.000340917	
-66	0.000315654	
-66	0.000372145	
-66	0.000254039	
-66	0.000384012	
-66	0.000400868	
-65	0.00036636	
-65	0.00034337	
-65	0.000398062	
-65	0.000402526	
-65	0.000270846	
-64	0.000370829	
-64	0.000321833	
-64	0.000356917	
-64	0.000246696	
-64	0.000269671	
-64	0.000333707	
-63	0.000267607	
-63	0.000333904	
-63	0.000437406	
-63	0.000255847	
-63	0.000381382	
-62	0.000360766	
-62	0.000254273	
-62	0.000342912	
-62	0.000306271	
-62	0.000374045	
-62	0.000329695	
-61	0.000250807	
-61	0.000312745	
-61	0.000256357	
-61	0.000327669	
-61	0.000359847	
-60	0.000218761	
-60	0.000379428	
-60	0.000314185	
-60	0.000300584	
-60	0.00041701	
-60	0.000236398	
-59	0.000363057	
-59	0.000354432	
-59	0.000345514	
-59	0.000354869	
-59	0.00033839	
-58	0.000272408	
-58	0.000395783	
-58	0.000325095	
-58	0.000289036	
-58	0.00031324	
-58	0.000262115	
-57	0.000236123	
-57	0.000348909	
-57	0.000287748	
-57	0.000427993	
-57	0.000433834	
-57	0.000368629	
-56	0.000329386	
-56	0.000337289	
-56	0.000315188	
-56	0.000293432	
-56	0.000395085	
-55	0.000310563	
-55	0.000419239	
-55	0.000291056	
-55	0.000381862	
-55	0.000315765	
-55	0.000289503	
-54	0.00039973	
-54	0.000310098	
-54	0.000275317	
-54	0.000289603	
-54	0.000399394	
-53	0.000265715	
-53	0.000394585	
-53	0.000344596	
-53	0.00030538	
-53	0.000378501	
-53	0.000332625	
-52	0.000357639	
-52	0.000318838	
-52	0.000348596	
-52	0.000373509	
-52	0.000348343	
-51	0.000408156	
-51	0.00031289	
-51	0.000302142	
-51	0.000208746	
-51	0.000358752	
-51	0.000372389	
-50	0.000360341	
-50	0.000299071	
-50	0.000287849	
-50	0.000308925	
-50	0.00031872	
-50	0.000274447	
-49	0.000307057	
-49	0.000367245	
-49	0.000348798	
-49	0.000310313	
-49	0.000228903	
-48	0.000304136	
-48	0.000309869	
-48	0.000289223	
-48	0.000338555	
-48	0.000416707	
-48	0.000335072	
-47	0.000354246	
-47	0.000403641	
-47	0.000243004	
-47	0.000351528	
-47	0.000308018	
-46	0.000324443	
-46	0.000340072	
-46	0.000351813	
-46	0.00037457	
-46	0.000229788	
-46	0.000270274	
-45	0.000418389	
-45	0.000319164	
-45	0.000317475	
-45	0.000368772	
-45	0.000349373	
-44	0.000233713	
-44	0.000347232	
-44	0.00029001	
-44	0.000348935	
-44	0.000339403	
-44	0.000343099	
-43	0.000318142	
-43	0.000378098	
-43	0.000283091	
-43	0.000375944	
-43	0.000302087	
-42	0.000302548	
-42	0.000339687	
-42	0.000311656	
-42	0.000381143	
-42	0.0003765	
-42	0.000290578	
-41	0.000341575	
-41	0.000319416	
-41	0.000261968	
-41	0.000365351	
-41	0.000248971	
-40	0.000407219	
-40	0.00028894	
-40	0.00035255	
-40	0.000315882	
-40	0.000440144	
-40	0.000356997	
-39	0.000273291	
-39	0.000291984	
-39	0.000373085	
-39	0.000380771	
-39	0.000414443	
-39	0.000318938	
-38	0.000415094	
-38	0.000380121	
-38	0.00029172	
-38	0.000283865	
-38	0.000398253	
-37	0.000324931	
-37	0.000483727	
-37	0.00031119	
-37	0.000358982	
-37	0.00040049	
-37	0.000309937	
-36	0.000309003	
-36	0.000435883	
-36	0.000363126	
-36	0.000387374	
-36	0.000265332	
-35	0.000343063	
-35	0.000342336	
-35	0.0003448	
-35	0.000352004	
-35	0.00030566	
-35	0.000278424	
-34	0.000332788	
-34	0.000357873	
-34	0.000257449	
-34	0.000346699	
-34	0.000351958	
-33	0.000364878	
-33	0.000446628	
-33	0.000361529	
-33	0.000284162	
-33	0.000394746	
-33	0.000255134	
-32	0.000410988	
-32	0.000347013	
-32	0.0003102	
-32	0.000454935	
-32	0.000198564	
-32	0.000373007	
-31	0.000306724	
-31	0.000299539	
-31	0.000360006	
-31	0.000329008	
-31	0.000324768	
-30	0.000353772	
-30	0.000394638	
-30	0.000264247	
-30	0.000365854	
-30	0.000383318	
-30	0.000356672	
-29	0.000309044	
-29	0.000265743	
-29	0.000265781	
-29	0.000427792	
-29	0.000279011	
-28	0.000305723	
-28	0.000270278	
-28	0.000292125	
-28	0.000356326	
-28	0.000339333	
-28	0.000241347	
-27	0.00028867	
-27	0.000299409	
-27	0.000480316	
-27	0.000346525	
-27	0.000325097	
-26	0.000322576	
-26	0.000321482	
-26	0.000321523	
-26	0.000362749	
-26	0.000284499	
-26	0.000366456	
-25	0.000307075	
-25	0.000320554	
-25	0.000375827	
-25	0.000406903	
-25	0.000345047	
-24	0.00043868	
-24	0.000387652	
-24	0.000431488	
-24	0.000430723	
-24	0.000512751	
-24	0.000378209	
-23	0.000489973	
-23	0.000408082	
-23	0.000365679	
-23	0.000424755	
-23	0.000446001	
-22	0.000250907	
-22	0.000541755	
-22	0.000392909	
-22	0.00041823	
-22	0.000466455	
-22	0.000435219	
-21	0.000434411	
-21	0.000438877	
-21	0.000350905	
-21	0.000522401	
-21	0.00048286	
-21	0.000356359	
-20	0.000454036	
-20	0.000338366	
-20	0.000458905	
-20	0.00042359	
-20	0.000312115	
-19	0.000458293	
-19	0.000496589	
-19	0.000412656	
-19	0.000452659	
-19	0.000511905	
-19	0.000360651	
-18	0.000515664	
-18	0.000480297	
-18	0.000620512	
-18	0.000586644	
-18	0.00045017	
-17	0.000584303	
-17	0.000562191	
-17	0.000594804	
-17	0.000694737	
-17	0.000549493	
-17	0.000740407	
-16	0.000643387	
-16	0.000800425	
-16	0.000776092	
-16	0.000805672	
-16	0.000801637	
-15	0.0009742	
-15	0.000974598	
-15	0.00106619	
-15	0.0010471	
-15	0.00114459	
-15	0.00122981	
-14	0.00126041	
-14	0.00135554	
-14	0.00146342	
-14	0.00141152	
-14	0.00159343	
-14	0.00159785	
-13	0.00168911	
-13	0.00180574	
-13	0.00192102	
-13	0.00200998	
-13	0.00211196	
-12	0.00211195	
-12	0.00234843	
-12	0.00243086	
-12	0.00252975	
-12	0.00274561	
-12	0.00262797	
-11	0.00293054	
-11	0.00302805	
-11	0.0032118	
-11	0.00343726	
-11	0.00355047	
-10	0.00367164	
-10	0.00385211	
-10	0.00402795	
-10	0.00423933	
-10	0.00442347	
-10	0.00457049	
-9	0.00487952	
-9	0.00497978	
-9	0.00515711	
-9	0.00546749	
-9	0.00560617	
-8	0.0059921	
-8	0.00615902	
-8	0.00626499	
-8	0.00654306	
-8	0.00692304	
-8	0.00711421	
-7	0.00740799	
-7	0.00754485	
-7	0.00799587	
-7	0.00827967	
-7	0.00856997	
-6	0.00899487	
-6	0.0092524	
-6	0.00951786	
-6	0.0098822	
-6	0.0101558	
-6	0.0106639	
-5	0.0109438	
-5	0.0112633	
-5	0.0119458	
-5	0.0120926	
-5	0.0125612	
-4	0.0130251	
-4	0.0133258	
-4	0.0139467	
-4	0.0142927	
-4	0.0147857	
-4	0.0152619	
-3	0.0157006	
-3	0.0161302	
-3	0.0167399	
-3	0.0170565	
-3	0.0178704	
-3	0.0181108	
-2	0.0186076	
-2	0.0192874	
-2	0.0195732	
-2	0.0202758	
-2	0.0207798	
-1	0.0211975	
-1	0.0218849	
-1	0.0222127	
-1	0.0228626	
-1	0.0233464	
-1	0.0237843	
-0	0.0244562	
-0	0.0248745	
0	0.0252346	
0	0.0259895	
0	0.0262048	
1	0.0268464	
1	0.0272252	
1	0.0276531	
1	0.0282807	
1	0.0284953	
1	0.028924	
2	0.0295156	
2	0.0297031	
2	0.0302716	
2	0.0304886	
2	0.0308514	
3	0.0312415	
3	0.0315436	
3	0.0318479	
3	0.0322428	
3	0.0323437	
3	0.0327655	
4	0.0328165	
4	0.0330074	
4	0.0332798	
4	0.0333714	
4	0.0336134	
4	0.0338561	
5	0.0337045	
5	0.0341637	
5	0.0339759	
5	0.0339507	
5	0.0341016	
6	0.0339853	
6	0.034033	
6	0.0340464	
6	0.0338223	
6	0.0339828	
6	0.0337084	
7	0.0337627	
7	0.0336281	
7	0.03338	
7	0.0333535	
7	0.0330726	
8	0.032763	
8	0.0328084	
8	0.0323382	
8	0.0323438	
8	0.0319984	
8	0.0316698	
9	0.031509	
9	0.0311592	
9	0.0309109	
9	0.0305607	
9	0.0299258	
10	0.0297669	
10	0.0293512	
10	0.0289296	
10	0.0285881	
10	0.0280789	
10	0.0274299	
11	0.0270371	
11	0.0264961	
11	0.0261699	
11	0.0256051	
11	0.0249959	
12	0.0245649	
12	0.0239992	
12	0.0234933	
12	0.0231469	
12	0.0223438	
12	0.0219224	
13	0.0213962	
13	0.0207616	
13	0.0202995	
13	0.019885	
13	0.0193219	
14	0.0189929	
14	0.0183522	
14	0.0179241	
14	0.0172505	
14	0.0168849	
14	0.0164299	
15	0.0160159	
15	0.0154788	
15	0.0151965	
15	0.0147159	
15	0.014366	
15	0.0138394	
16	0.0134268	
16	0.0131377	
16	0.0127107	
16	0.0122191	
16	0.0121084	
17	0.0115675	
17	0.0112713	
17	0.0107412	
17	0.010469	
17	0.0101586	
17	0.00987358	
18	0.00939394	
18	0.00921652	
18	0.00872595	
18	0.00856711	
18	0.00806568	
19	0.00790011	
19	0.00759103	
19	0.00725103	
19	0.00703571	
19	0.00681823	
19	0.00642433	
20	0.0062384	
20	0.00602313	
20	0.00566504	
20	0.0055305	
20	0.00521079	
21	0.00497268	
21	0.0048895	
21	0.00450119	
21	0.00434793	
21	0.00412436	
21	0.00404578	
22	0.00377249	
22	0.00350093	
22	0.00338103	
22	0.00331698	
22	0.00294117	
22	0.00291848	
23	0.00273173	
23	0.00254541	
23	0.00250249	
23	0.00224036	
23	0.0021394	
24	0.00217556	
24	0.00182789	
24	0.00191403	
24	0.00180285	
24	0.00151311	
24	0.00166639	
25	0.00142761	
25	0.00139901	
25	0.00142432	
25	0.00115428	
25	0.00123032	
26	0.00120009	
26	0.00114103	
26	0.00105228	
26	0.00107569	
26	0.00102849	
26	0.000909927	
27	0.000875768	
27	0.000985245	
27	0.000809628	
27	0.000729871	
27	0.000681429	
28	0.00071265	
28	0.000780383	
28	0.000692842	
28	0.000545118	
28	0.000745914	
28	0.00057202	
29	0.000598449	
29	0.000698749	
29	0.000491004	
29	0.000733643	
29	0.000509731	
30	0.000572987	
30	0.000598725	
30	0.000485151	
30	0.000537501	
30	0.00058311	
30	0.000391191	
31	0.000540573	
31	0.000466667	
31	0.000467169	
31	0.000517365	
31	0.000490366	
32	0.000397715	
32	0.000583572	
32	0.000331572	
32	0.000448033	
32	0.000530581	
32	0.000391301	
33	0.000461268	
33	0.000357646	
33	0.00049913	
33	0.000481271	
33	0.000345437	
33	0.00049157	
34	0.000501436	
34	0.000529456	
34	0.000437708	
34	0.000398532	
34	0.000431589	
35	0.000502002	
35	0.000429543	
35	0.000428108	
35	0.000356999	
35	0.000469068	
35	0.000466653	
36	0.000408392	
36	0.000348376	
36	0.000553326	
36	0.000271425	
36	0.00048585	
37	0.00030841	
37	0.000377823	
37	0.000384579	
37	0.000338682	
37	0.000350973	
37	0.000379039	
38	0.000351099	
38	0.000490559	
38	0.0003567	
38	0.000247819	
38	0.000412699	
39	0.000284805	
39	0.000366713	
39	0.000353526	
39	0.000337272	
39	0.000325044	
39	0.000319814	
40	0.000306446	
40	0.000311185	
40	0.000312521	
40	0.00037275	
40	0.000359937	
40	0.000301067	
41	0.000316824	
41	0.000373751	
41	0.000294176	
41	0.000296348	
41	0.000398675	
42	0.000313839	
42	0.000361738	
42	0.000344145	
42	0.000321241	
42	0.000388633	
42	0.000394373	
43	0.000283644	
43	0.000246789	
43	0.000384756	
43	0.000344015	
43	0.000388117	
44	0.000313552	
44	0.000312443	
44	0.000333757	
44	0.000283534	
44	0.000353398	
44	0.000340148	
45	0.000304867	
45	0.00028536	
45	0.000380675	
45	0.000304339	
45	0.000330905	
46	0.000282379	
46	0.000303375	
46	0.000308781	
46	0.000380836	
46	0.000344431	
46	0.000379858	
47	0.000309002	
47	0.000370546	
47	0.000481047	
47	0.000368927	
47	0.000338875	
48	0.000350017	
48	0.000391022	
48	0.000341016	
48	0.000288688	
48	0.000253191	
48	0.000343609	
49	0.000370957	
49	0.000374651	
49	0.000368009	
49	0.00026854	
49	0.00034555	
50	0.00044118	
50	0.000293384	
50	0.000302651	
50	0.000292246	
50	0.000298133	
50	0.000309366	
51	0.000314143	
51	0.000317906	
51	0.000215961	
51	0.000373378	
51	0.000358184	
51	0.000313389	
52	0.000386303	
52	0.000286541	
52	0.000307953	
52	0.000283862	
52	0.000278714	
53	0.00028592	
53	0.000312632	
53	0.000303181	
53	0.000359553	
53	0.000346817	
53	0.000223155	
54	0.00040123	
54	0.000282412	
54	0.000340424	
54	0.000386526	
54	0.00036719	
55	0.00036439	
55	0.000348144	
55	0.000267489	
55	0.000317969	
55	0.000366461	
55	0.000337475	
56	0.000339825	
56	0.000243563	
56	0.000404678	
56	0.000360953	
56	0.000365827	
57	0.000277181	
57	0.000324895	
57	0.000420294	
57	0.000348944	
57	0.000352107	
57	0.000276887	
58	0.000416403	
58	0.000317248	
58	0.000340835	
58	0.000439995	
58	0.000335964	
58	0.000381411	
59	0.000354388	
59	0.000335851	
59	0.000362742	
59	0.000376712	
59	0.000274609	
60	0.000331243	
60	0.000268383	
60	0.000352298	
60	0.000380819	
60	0.000303063	
60	0.000445011	
61	0.000434867	
61	0.000257213	
61	0.00030713	
61	0.000329	
61	0.00023777	
62	0.000386274	
62	0.000330767	
62	0.000372473	
62	0.000385051	
62	0.000326951	
62	0.000298608	
63	0.000337064	
63	0.000278249	
63	0.000361671	
63	0.000318998	
63	0.000355122	
64	0.000364548	
64	0.000336142	
64	0.000332828	
64	0.000304958	
64	0.000245174	
64	0.000309616	
65	0.000319423	
65	0.000319789	
65	0.000283542	
65	0.000326921	
65	0.000321603	
66	0.00036384	
66	0.000352673	
66	0.000337108	
66	0.000364572	
66	0.000279191	
66	0.000377457	
67	0.000437521	
67	0.00034873	
67	0.00035825	
67	0.00029684	
67	0.000282785	
68	0.000303648	
68	0.000365492	
68	0.000288664	
68	0.000354587	
68	0.000347278	
68	0.000390662	
69	0.000326828	
69	0.000313582	
69	0.000293978	
69	0.000369579	
69	0.000254489	
69	0.000340751	
70	0.000327959	
70	0.00039788	
70	0.000317048	
70	0.000285692	
70	0.000341747	
71	0.00033178	
71	0.000344642	
71	0.000332285	
71	0.00030179	
71	0.00033187	
71	0.000285742	
72	0.000291239	
72	0.000272931	
72	0.00037905	
72	0.000317777	
72	0.000320972	
73	0.000283029	
73	0.000381579	
73	0.000220469	
73	0.000268616	
73	0.000362643	
73	0.000227571	
74	0.000298491	
74	0.000269209	
74	0.00034513	
74	0.000397412	
74	0.000307839	
75	0.000356372	
75	0.000361387	
75	0.000289633	
75	0.000280081	
75	0.00037705	
75	0.000289748	
76	0.00032058	
76	0.000341208	
76	0.000245177	
76	0.000316935	
76	0.000333177	
76	0.000341428	
77	0.000250402	
77	0.000349815	
77	0.00035932	
77	0.000386576	
77	0.00034028	
78	0.000369979	
78	0.000253377	
78	0.00044683	
78	0.000298275	
78	0.000318668	
78	0.000310972	
79	0.000264048	
79	0.000307131	
79	0.000353829	
79	0.000265607	
79	0.00036581	
80	0.000323936	
80	0.000274955	
80	0.00032887	
80	0.000342495	
80	0.000280138	
80	0.000481621	
81	0.00027934	
81	0.000329172	
81	0.000331545	
81	0.000317441	
81	0.000348379	
82	0.000304846	
82	0.000292316	
82	0.000303019	
82	0.000461679	
82	0.000339869	
82	0.000291629	
83	0.000326625	
83	0.00025912	
83	0.000345392	
83	0.000394486	
83	0.000238946	
84	0.000269628	
84	0.000410358	
84	0.000334763	
84	0.000363777	
84	0.000293428	
84	0.000347692	
85	0.00028117	
85	0.000275534	
85	0.00037794	
85	0.000277424	
85	0.000383904	
86	0.00025523	
86	0.000287176	
86	0.000290834	
86	0.000299089	
86	0.000357668	
86	0.000345129	
87	0.000344162	
87	0.000389292	
87	0.000460065	
87	0.000295692	
87	0.000376547	
87	0.000300223	
88	0.00035758	
88	0.000315782	
88	0.00022524	
88	0.000319608	
88	0.000341228	
89	0.000280918	
89	0.000386778	
89	0.000449549	
89	0.000364287	
89	0.000302947	
89	0.00039901	
90	0.000299936	
90	0.00411349	
