Óãîë, ãðàä - ÄÍ	Ñèãíàë äåòåêòîðà, î.å. - ÄÍ	
-90	0.00128901	
-90	0.000318812	
-90	0.000292311	
-89	0.000283362	
-89	0.000258641	
-89	0.000239081	
-89	0.000352062	
-89	0.000272842	
-89	0.000332093	
-88	0.000312961	
-88	0.000315971	
-88	0.000331585	
-88	0.000345847	
-88	0.000327717	
-87	0.000425528	
-87	0.000314012	
-87	0.000364492	
-87	0.000284192	
-87	0.000275305	
-87	0.000399452	
-86	0.000367591	
-86	0.000410563	
-86	0.000268211	
-86	0.000356054	
-86	0.00031545	
-86	0.000376137	
-85	0.000318728	
-85	0.000313905	
-85	0.00034748	
-85	0.000422271	
-85	0.00029801	
-84	0.000301016	
-84	0.00037259	
-84	0.000289007	
-84	0.000224413	
-84	0.000348941	
-84	0.000332506	
-83	0.000289443	
-83	0.000311324	
-83	0.000401202	
-83	0.000337878	
-83	0.000340564	
-82	0.000400966	
-82	0.000372786	
-82	0.000329047	
-82	0.000387378	
-82	0.000356122	
-82	0.000291696	
-81	0.000238797	
-81	0.000263846	
-81	0.00034794	
-81	0.000357921	
-81	0.000318389	
-80	0.000314182	
-80	0.000319431	
-80	0.000356623	
-80	0.000193573	
-80	0.000290728	
-80	0.000347754	
-79	0.000341341	
-79	0.000277107	
-79	0.000261945	
-79	0.000359723	
-79	0.000380614	
-78	0.000351627	
-78	0.000285726	
-78	0.000366007	
-78	0.000377307	
-78	0.000336216	
-78	0.000293971	
-77	0.000254748	
-77	0.000247498	
-77	0.00039888	
-77	0.000330866	
-77	0.000236907	
-76	0.000250923	
-76	0.000389484	
-76	0.000211595	
-76	0.000295104	
-76	0.000281922	
-76	0.000296754	
-75	0.000329959	
-75	0.000225942	
-75	0.000316053	
-75	0.000325384	
-75	0.000391298	
-75	0.00036869	
-74	0.000310061	
-74	0.000331744	
-74	0.000353749	
-74	0.000455145	
-74	0.000351497	
-73	0.00025544	
-73	0.000328142	
-73	0.000374421	
-73	0.000352289	
-73	0.000324787	
-73	0.000246091	
-72	0.000258845	
-72	0.000406897	
-72	0.00022763	
-72	0.000354046	
-72	0.000406965	
-71	0.000367643	
-71	0.0003378	
-71	0.000368377	
-71	0.000478163	
-71	0.000325476	
-71	0.000355318	
-70	0.000317426	
-70	0.000295728	
-70	0.000401505	
-70	0.000469735	
-70	0.000336987	
-69	0.000360986	
-69	0.000332114	
-69	0.000401852	
-69	0.000288385	
-69	0.000293036	
-69	0.000260134	
-68	0.000415687	
-68	0.000318659	
-68	0.000332161	
-68	0.000342762	
-68	0.000353231	
-68	0.00030045	
-67	0.000327392	
-67	0.000279518	
-67	0.00025804	
-67	0.000281391	
-67	0.000382541	
-66	0.000279507	
-66	0.00020075	
-66	0.000354776	
-66	0.000395914	
-66	0.000338233	
-66	0.000253534	
-65	0.000342288	
-65	0.000306168	
-65	0.000359606	
-65	0.000388774	
-65	0.000341158	
-64	0.000286899	
-64	0.000351253	
-64	0.000365766	
-64	0.000318375	
-64	0.000357819	
-64	0.000449349	
-63	0.000434533	
-63	0.000370668	
-63	0.000368358	
-63	0.000276827	
-63	0.000401553	
-62	0.000371405	
-62	0.000278511	
-62	0.000260818	
-62	0.000309203	
-62	0.00036296	
-62	0.000284843	
-61	0.000309072	
-61	0.000235851	
-61	0.000377466	
-61	0.000411045	
-61	0.000326367	
-60	0.000296985	
-60	0.000395586	
-60	0.00035914	
-60	0.000342452	
-60	0.000350876	
-60	0.000300345	
-59	0.000338714	
-59	0.000347297	
-59	0.000394928	
-59	0.000360935	
-59	0.000274274	
-58	0.000313136	
-58	0.000416233	
-58	0.000389734	
-58	0.00033594	
-58	0.00041225	
-58	0.000436426	
-57	0.000275509	
-57	0.000483775	
-57	0.000321965	
-57	0.000257576	
-57	0.000345113	
-57	0.000322117	
-56	0.000279051	
-56	0.000309597	
-56	0.000362648	
-56	0.000293313	
-56	0.000338288	
-55	0.000289859	
-55	0.000412986	
-55	0.000465683	
-55	0.000341432	
-55	0.000444369	
-55	0.000397352	
-54	0.00035599	
-54	0.000357367	
-54	0.000498563	
-54	0.000511131	
-54	0.000542544	
-53	0.000444884	
-53	0.000526507	
-53	0.000370146	
-53	0.000454668	
-53	0.000555968	
-53	0.000473349	
-52	0.000519721	
-52	0.00050759	
-52	0.00048874	
-52	0.000572805	
-52	0.000481782	
-51	0.000363305	
-51	0.000499603	
-51	0.000411783	
-51	0.000329254	
-51	0.000469875	
-51	0.000416602	
-50	0.000328535	
-50	0.00037925	
-50	0.000465295	
-50	0.000381846	
-50	0.000345677	
-50	0.0003197	
-49	0.000377693	
-49	0.000383274	
-49	0.000367793	
-49	0.000366914	
-49	0.000348757	
-48	0.000354269	
-48	0.000282206	
-48	0.000503082	
-48	0.000365042	
-48	0.000336921	
-48	0.000496086	
-47	0.000465808	
-47	0.00040264	
-47	0.000564613	
-47	0.000406112	
-47	0.000587663	
-46	0.000657522	
-46	0.000632179	
-46	0.000590096	
-46	0.0007481	
-46	0.000776638	
-46	0.000777899	
-45	0.000937085	
-45	0.000873506	
-45	0.000854286	
-45	0.000973292	
-45	0.000905039	
-44	0.000993879	
-44	0.00105358	
-44	0.00087826	
-44	0.000762289	
-44	0.000822173	
-44	0.000741031	
-43	0.000699212	
-43	0.000728543	
-43	0.000594447	
-43	0.000534523	
-43	0.000554568	
-42	0.000457434	
-42	0.00038053	
-42	0.000423914	
-42	0.000447389	
-42	0.000542003	
-42	0.000453005	
-41	0.000558393	
-41	0.000440195	
-41	0.000535152	
-41	0.000594463	
-41	0.000583189	
-40	0.000724006	
-40	0.00069612	
-40	0.000686657	
-40	0.000813171	
-40	0.000892617	
-40	0.000829101	
-39	0.00108597	
-39	0.00100425	
-39	0.0011657	
-39	0.00134515	
-39	0.00136953	
-39	0.00140871	
-38	0.00163062	
-38	0.00160277	
-38	0.00170142	
-38	0.00179438	
-38	0.00182099	
-37	0.00182182	
-37	0.00191883	
-37	0.00205696	
-37	0.00199425	
-37	0.00214278	
-37	0.00217444	
-36	0.00223509	
-36	0.0023695	
-36	0.00238012	
-36	0.00241368	
-36	0.0025283	
-35	0.00247676	
-35	0.00250466	
-35	0.00251428	
-35	0.00247932	
-35	0.00244347	
-35	0.00248198	
-34	0.0023082	
-34	0.00233595	
-34	0.00227456	
-34	0.00220657	
-34	0.00215245	
-33	0.00211813	
-33	0.00209917	
-33	0.00198872	
-33	0.00209516	
-33	0.00203938	
-33	0.00205068	
-32	0.00206423	
-32	0.00217593	
-32	0.00215412	
-32	0.00235849	
-32	0.00252724	
-32	0.00258043	
-31	0.00279437	
-31	0.00291637	
-31	0.00301297	
-31	0.003316	
-31	0.00348585	
-30	0.0035733	
-30	0.00386947	
-30	0.00397809	
-30	0.0042651	
-30	0.00447268	
-30	0.00461106	
-29	0.00487985	
-29	0.00522558	
-29	0.00538116	
-29	0.00552399	
-29	0.00584781	
-28	0.00611149	
-28	0.00625462	
-28	0.00662703	
-28	0.0068253	
-28	0.0071636	
-28	0.00745811	
-27	0.00768022	
-27	0.00788004	
-27	0.008344	
-27	0.00840556	
-27	0.00873514	
-26	0.00896859	
-26	0.00941456	
-26	0.00945362	
-26	0.00999703	
-26	0.0100916	
-26	0.0103785	
-25	0.0106411	
-25	0.0110721	
-25	0.0113308	
-25	0.0116006	
-25	0.0119243	
-24	0.0120758	
-24	0.0124905	
-24	0.012915	
-24	0.0131289	
-24	0.0137493	
-24	0.014425	
-23	0.0146852	
-23	0.0152434	
-23	0.0154631	
-23	0.0158763	
-23	0.0162736	
-22	0.016732	
-22	0.017294	
-22	0.0179135	
-22	0.0186941	
-22	0.0190604	
-22	0.0197524	
-21	0.0202781	
-21	0.0210119	
-21	0.0217622	
-21	0.0223205	
-21	0.0228358	
-21	0.0235488	
-20	0.0242629	
-20	0.0248425	
-20	0.0258596	
-20	0.0268533	
-20	0.0276215	
-19	0.02834	
-19	0.0295716	
-19	0.0305503	
-19	0.0315969	
-19	0.0325289	
-19	0.0335969	
-18	0.0350659	
-18	0.0365321	
-18	0.0378481	
-18	0.0397225	
-18	0.0409912	
-17	0.0430552	
-17	0.0451002	
-17	0.0467247	
-17	0.0489119	
-17	0.0506314	
-17	0.0531392	
-16	0.0562515	
-16	0.0585981	
-16	0.061285	
-16	0.0639643	
-16	0.0664837	
-15	0.069413	
-15	0.0720474	
-15	0.074768	
-15	0.0779395	
-15	0.0806139	
-15	0.0844676	
-14	0.0885151	
-14	0.0918244	
-14	0.0957566	
-14	0.0994288	
-14	0.103415	
-14	0.107851	
-13	0.111735	
-13	0.11561	
-13	0.120543	
-13	0.12566	
-13	0.130739	
-12	0.135928	
-12	0.140882	
-12	0.146456	
-12	0.151633	
-12	0.156761	
-12	0.163127	
-11	0.169007	
-11	0.175327	
-11	0.18263	
-11	0.188864	
-11	0.195948	
-10	0.202421	
-10	0.208975	
-10	0.216505	
-10	0.223103	
-10	0.230206	
-10	0.238778	
-9	0.245686	
-9	0.253158	
-9	0.260606	
-9	0.267573	
-9	0.276319	
-8	0.283592	
-8	0.290324	
-8	0.298767	
-8	0.304916	
-8	0.312345	
-8	0.320232	
-7	0.327558	
-7	0.335205	
-7	0.342257	
-7	0.348848	
-7	0.357976	
-6	0.363492	
-6	0.371265	
-6	0.378428	
-6	0.385285	
-6	0.393558	
-6	0.400141	
-5	0.405402	
-5	0.413734	
-5	0.419691	
-5	0.427185	
-5	0.435842	
-4	0.441477	
-4	0.45019	
-4	0.458059	
-4	0.464734	
-4	0.474669	
-4	0.48183	
-3	0.489425	
-3	0.4979	
-3	0.505712	
-3	0.512462	
-3	0.520998	
-3	0.52733	
-2	0.537109	
-2	0.544093	
-2	0.551246	
-2	0.560603	
-2	0.568406	
-1	0.576838	
-1	0.586975	
-1	0.594391	
-1	0.604353	
-1	0.611615	
-1	0.617842	
-0	0.628516	
-0	0.636596	
0	0.644562	
0	0.655108	
0	0.66167	
1	0.671955	
1	0.679744	
1	0.685919	
1	0.696724	
1	0.703206	
1	0.7107	
2	0.719993	
2	0.724174	
2	0.731705	
2	0.737856	
2	0.741784	
3	0.751495	
3	0.755857	
3	0.759895	
3	0.76769	
3	0.769798	
3	0.773814	
4	0.777286	
4	0.777988	
4	0.783491	
4	0.784614	
4	0.785423	
4	0.789232	
5	0.788713	
5	0.789196	
5	0.790119	
5	0.787921	
5	0.789996	
6	0.789595	
6	0.787121	
6	0.790731	
6	0.788084	
6	0.785937	
6	0.785297	
7	0.781196	
7	0.78109	
7	0.779768	
7	0.776096	
7	0.778152	
8	0.774397	
8	0.771488	
8	0.771147	
8	0.767615	
8	0.76699	
8	0.764443	
9	0.760311	
9	0.762569	
9	0.759252	
9	0.755443	
9	0.755516	
10	0.751027	
10	0.749215	
10	0.747402	
10	0.743488	
10	0.742814	
10	0.73935	
11	0.733767	
11	0.732016	
11	0.727134	
11	0.723191	
11	0.720812	
12	0.715016	
12	0.712653	
12	0.707053	
12	0.701379	
12	0.698656	
12	0.690998	
13	0.686174	
13	0.681122	
13	0.67325	
13	0.669454	
13	0.66347	
14	0.654248	
14	0.648816	
14	0.640615	
14	0.633177	
14	0.627075	
14	0.617805	
15	0.610548	
15	0.603154	
15	0.59258	
15	0.585545	
15	0.575894	
15	0.566131	
16	0.559565	
16	0.549439	
16	0.541158	
16	0.532455	
16	0.521303	
17	0.513287	
17	0.502835	
17	0.492191	
17	0.484056	
17	0.473291	
17	0.464056	
18	0.454378	
18	0.4425	
18	0.434975	
18	0.42444	
18	0.413987	
19	0.406826	
19	0.396216	
19	0.385954	
19	0.377657	
19	0.366619	
19	0.357744	
20	0.348467	
20	0.338271	
20	0.330165	
20	0.320743	
20	0.312066	
21	0.303792	
21	0.294184	
21	0.28604	
21	0.277637	
21	0.269257	
21	0.262083	
22	0.253152	
22	0.245231	
22	0.2384	
22	0.22981	
22	0.223047	
22	0.215596	
23	0.207803	
23	0.201537	
23	0.1946	
23	0.187608	
23	0.181476	
24	0.174799	
24	0.168615	
24	0.162678	
24	0.156247	
24	0.151171	
24	0.145501	
25	0.139726	
25	0.135045	
25	0.129626	
25	0.124595	
25	0.119772	
26	0.114993	
26	0.111122	
26	0.106935	
26	0.102973	
26	0.0997817	
26	0.0958353	
27	0.0924641	
27	0.0888615	
27	0.0854884	
27	0.08284	
27	0.079407	
28	0.076425	
28	0.0742637	
28	0.0709332	
28	0.0686698	
28	0.0660968	
28	0.0634934	
29	0.0613408	
29	0.0590169	
29	0.0566303	
29	0.0546581	
29	0.0525455	
30	0.0505967	
30	0.0482677	
30	0.0462599	
30	0.0446756	
30	0.0430216	
30	0.041413	
31	0.0398863	
31	0.0382214	
31	0.0370192	
31	0.0357956	
31	0.0345881	
32	0.0336828	
32	0.0325193	
32	0.0316631	
32	0.0309989	
32	0.0299388	
32	0.0292179	
33	0.0284261	
33	0.0275081	
33	0.0267986	
33	0.026007	
33	0.0252834	
33	0.02452	
34	0.0239248	
34	0.0231785	
34	0.0224663	
34	0.0216803	
34	0.0210494	
35	0.0203148	
35	0.0196386	
35	0.0190739	
35	0.0182365	
35	0.0176323	
35	0.0171262	
36	0.016424	
36	0.0158713	
36	0.015258	
36	0.0144921	
36	0.0141193	
37	0.0134153	
37	0.0126313	
37	0.0123491	
37	0.011611	
37	0.0111129	
37	0.0106274	
38	0.00992726	
38	0.00937446	
38	0.00883686	
38	0.00828459	
38	0.00775308	
39	0.00722312	
39	0.00677785	
39	0.00631565	
39	0.00585161	
39	0.00552841	
39	0.00499029	
40	0.00482018	
40	0.00439528	
40	0.00406644	
40	0.00384106	
40	0.00348864	
40	0.00321802	
41	0.00314488	
41	0.00290724	
41	0.00276968	
41	0.00284265	
41	0.00277811	
42	0.0027093	
42	0.00279767	
42	0.00291512	
42	0.00304902	
42	0.00316433	
42	0.00322528	
43	0.00348186	
43	0.00389835	
43	0.00408563	
43	0.00433021	
43	0.00459977	
44	0.00487266	
44	0.00496311	
44	0.00513199	
44	0.00530029	
44	0.00511687	
44	0.00538808	
45	0.00543009	
45	0.00528491	
45	0.0055646	
45	0.00539988	
45	0.00566759	
46	0.00576632	
46	0.00571627	
46	0.0057004	
46	0.00558275	
46	0.00551459	
46	0.00528931	
47	0.00528266	
47	0.00510877	
47	0.00479739	
47	0.00469569	
47	0.00445108	
48	0.00423597	
48	0.00409846	
48	0.00370604	
48	0.00333289	
48	0.0031939	
48	0.00280807	
49	0.002443	
49	0.00216062	
49	0.00181817	
49	0.00147242	
49	0.00138922	
50	0.00118423	
50	0.00077659	
50	0.000831866	
50	0.000602555	
50	0.000580639	
50	0.000598905	
51	0.000487184	
51	0.000427357	
51	0.000535476	
51	0.000484946	
51	0.00047759	
51	0.000565039	
52	0.000606134	
52	0.000694004	
52	0.000672698	
52	0.000904054	
52	0.000960213	
53	0.0011949	
53	0.00119575	
53	0.00128828	
53	0.00134838	
53	0.00143112	
53	0.00136829	
54	0.00153313	
54	0.00148416	
54	0.00145761	
54	0.00145496	
54	0.00126082	
55	0.00113426	
55	0.00108539	
55	0.00100559	
55	0.000920025	
55	0.000857743	
55	0.000737197	
56	0.000712917	
56	0.000553104	
56	0.000572779	
56	0.000411945	
56	0.000480669	
57	0.000377691	
57	0.000268919	
57	0.000511883	
57	0.000344121	
57	0.000367049	
57	0.000276111	
58	0.000309398	
58	0.000344217	
58	0.000281594	
58	0.000323588	
58	0.000413138	
58	0.000413803	
59	0.000424517	
59	0.000428155	
59	0.000480925	
59	0.000445498	
59	0.000443343	
60	0.000430866	
60	0.00035789	
60	0.000346177	
60	0.000427254	
60	0.000410007	
60	0.000411571	
61	0.000421785	
61	0.000427879	
61	0.000424288	
61	0.000438672	
61	0.000451022	
62	0.000395884	
62	0.000346293	
62	0.000351462	
62	0.000333134	
62	0.000382474	
62	0.000310512	
63	0.00036851	
63	0.000309564	
63	0.000330083	
63	0.000325356	
63	0.000282701	
64	0.000320718	
64	0.000414184	
64	0.000242392	
64	0.000323074	
64	0.00038666	
64	0.000340416	
65	0.000336454	
65	0.000331084	
65	0.000292678	
65	0.000411502	
65	0.000319711	
66	0.000443113	
66	0.000317048	
66	0.000279662	
66	0.000407309	
66	0.000366991	
66	0.000381982	
67	0.000318526	
67	0.0002818	
67	0.000310474	
67	0.000306928	
67	0.000353644	
68	0.00030874	
68	0.00031225	
68	0.000291445	
68	0.000299491	
68	0.000360045	
68	0.000449179	
69	0.000314939	
69	0.000305735	
69	0.000306411	
69	0.000370494	
69	0.000340429	
69	0.000330707	
70	0.000335458	
70	0.000387819	
70	0.000354106	
70	0.000291268	
70	0.000360384	
71	0.000301045	
71	0.000378679	
71	0.000471791	
71	0.000375585	
71	0.000384404	
71	0.000259385	
72	0.000273233	
72	0.000250041	
72	0.000275367	
72	0.000300224	
72	0.000299669	
73	0.000221707	
73	0.000450265	
73	0.000284828	
73	0.000326671	
73	0.000381166	
73	0.000252069	
74	0.000382792	
74	0.000338569	
74	0.000275489	
74	0.000291849	
74	0.000265026	
75	0.000380742	
75	0.000428875	
75	0.000410221	
75	0.000371751	
75	0.000428262	
75	0.000404703	
76	0.000369132	
76	0.000411604	
76	0.000343633	
76	0.000269515	
76	0.000391879	
76	0.000393857	
77	0.000327546	
77	0.000359166	
77	0.000297212	
77	0.000331701	
77	0.000326893	
78	0.000357326	
78	0.000355829	
78	0.000326392	
78	0.000229799	
78	0.000351604	
78	0.000365529	
79	0.000353528	
79	0.000364899	
79	0.00042547	
79	0.000318988	
79	0.000353355	
80	0.00044029	
80	0.000364417	
80	0.000287215	
80	0.000299679	
80	0.00041354	
80	0.000373768	
81	0.000338111	
81	0.000261347	
81	0.000330385	
81	0.000385445	
81	0.000291315	
82	0.00027841	
82	0.000296385	
82	0.000295742	
82	0.000396743	
82	0.000320235	
82	0.000269375	
83	0.000352881	
83	0.000281468	
83	0.000413264	
83	0.000422312	
83	0.000314015	
84	0.000389431	
84	0.000383131	
84	0.000479732	
84	0.000351999	
84	0.000452448	
84	0.000470239	
85	0.000261747	
85	0.000371918	
85	0.00034477	
85	0.000271437	
85	0.000321011	
86	0.000334468	
86	0.000335295	
86	0.000375295	
86	0.000335554	
86	0.000302466	
86	0.000232811	
87	0.000313602	
87	0.000238841	
87	0.000231737	
87	0.000299632	
87	0.000236522	
87	0.000412046	
88	0.000391341	
88	0.000271403	
88	0.000450562	
88	0.000527063	
88	0.000453284	
89	0.000279268	
89	0.000398164	
89	0.00034703	
89	0.000417341	
89	0.000432481	
89	0.000331782	
90	0.000424575	
90	0.000284488	
